
For run 1 fold 1:	[0.2, 0.8, 0.0]  2.0	[0.2, 0.8, 0.0]  2.0	[0.2, 0.8, 0.0]  2.0		[-2.0, 1.0]	[-2.0, 1.0]	[-2.0, 1.0]
For run 1 fold 2:	[0.0, 0.8, 0.2]  2.0	[0.0, 0.8, 0.2]  2.0	[0.0, 0.8, 0.2]  2.0		[-1.0, 1.0]	[-1.0, 1.0]	[-1.0, 1.0]
For run 1 fold 3:	[0.2, 0.6, 0.2]  2.0	[0.2, 0.6, 0.2]  2.0	[0.2, 0.6, 0.2]  2.0		[0.0, 0.0]	[0.0, 0.0]	[0.0, 0.0]
For run 1 fold 4:	[0.2, 0.7, 0.1]  1.0	[0.2, 0.7, 0.1]  1.0	[0.2, 0.7, 0.1]  1.0		[-2.0, 1.0]	[-2.0, 1.0]	[-2.0, 1.0]
For run 1 fold 5:	[0.1, 0.7, 0.2]  3.0	[0.1, 0.7, 0.2]  3.0	[0.1, 0.7, 0.2]  3.0		[-3.0, 2.0]	[-3.0, 2.0]	[-3.0, 2.0]
For run 2 fold 1:	[0.2, 0.7, 0.1]  1.0	[0.2, 0.7, 0.1]  1.0	[0.2, 0.7, 0.1]  1.0		[-2.0, 0.0]	[-2.0, 0.0]	[-2.0, 0.0]
For run 2 fold 2:	[0.2, 0.8, 0.0]  1.0	[0.2, 0.8, 0.0]  1.0	[0.2, 0.8, 0.0]  1.0		[-6.0, 6.0]	[-6.0, 6.0]	[0.0, 0.0]
For run 2 fold 3:	[0.3, 0.6, 0.1]  1.0	[0.3, 0.6, 0.1]  1.0	[0.3, 0.6, 0.1]  1.0		[-3.0, 4.0]	[-3.0, 4.0]	[-3.0, 4.0]
For run 2 fold 4:	[0.0, 0.8, 0.2]  2.0	[0.0, 0.8, 0.2]  2.0	[0.0, 0.8, 0.2]  2.0		[-3.0, 2.0]	[-3.0, 2.0]	[-3.0, 2.0]
For run 2 fold 5:	[0.1, 0.8, 0.1]  2.0	[0.1, 0.8, 0.1]  2.0	[0.1, 0.8, 0.1]  2.0		[-2.0, 0.0]	[-2.0, 0.0]	[-2.0, 0.0]
For run 3 fold 1:	[0.3, 0.7, 0.0]  2.0	[0.3, 0.7, 0.0]  2.0	[0.3, 0.7, 0.0]  2.0		[-3.0, 2.0]	[-3.0, 2.0]	[-3.0, 2.0]
For run 3 fold 2:	[0.4, 0.4, 0.2]  2.0	[0.4, 0.4, 0.2]  2.0	[0.4, 0.4, 0.2]  2.0		[-2.0, 0.0]	[-2.0, 0.0]	[-2.0, 0.0]
For run 3 fold 3:	[0.1, 0.7, 0.2]  2.0	[0.1, 0.7, 0.2]  2.0	[0.1, 0.7, 0.2]  2.0		[-6.0, 6.0]	[-6.0, 6.0]	[-2.0, 3.0]
For run 3 fold 4:	[0.2, 0.8, 0.0]  2.0	[0.2, 0.8, 0.0]  2.0	[0.2, 0.8, 0.0]  2.0		[0.0, 0.0]	[-3.0, 3.0]	[0.0, 0.0]
For run 3 fold 5:	[0.0, 1.0, 0.0]  1.0	[0.0, 1.0, 0.0]  1.0	[0.0, 1.0, 0.0]  1.0		[-4.0, 2.0]	[-4.0, 2.0]	[-4.0, 2.0]


Final results:
Dataset: arrhythmia_cfs.csv
Dataset with 452 instances and 37 predictive features
		Base		Regular		Wagging		Adaboost	Mixed (opt)	Grad-Mixed (opt)
Accuracy	0.628, 0.041	0.627, 0.037	0.635, 0.027	0.789, 0.035	0.620, 0.033	0.630, 0.033
F1		0.591, 0.056	0.561, 0.064	0.582, 0.044	0.787, 0.035	0.570, 0.048	0.552, 0.052
AUC		0.606, 0.044	0.597, 0.042	0.607, 0.030	0.784, 0.035	0.603, 0.025	0.584, 0.036

Time taken: 2270.021 s

Siginificance tests:
For Accuracy:
	Base	Reg_bag	Wagging	Boost	Mix_bag	Grad_mix
Base		0.675	0.575	0.000	0.311	0.969
Reg_bag			0.576	0.000	0.293	0.581
Wagging				0.000	0.089	0.639
Adaboost				0.000	0.000
Mix_bag						0.173
For F1:
	Base	Reg_bag	Wagging	Boost	Mix_bag	Grad_mix
Base		0.229	0.507	0.000	0.124	0.039
Reg_bag			0.359	0.000	0.720	0.701
Wagging				0.000	0.158	0.075
Adaboost				0.000	0.000
Mix_bag						0.213
For AUC:
	Base	Reg_bag	Wagging	Boost	Mix_bag	Grad_mix
Base		0.524	0.701	0.000	0.552	0.101
Reg_bag			0.524	0.000	0.433	0.158
Wagging				0.000	0.470	0.022
Adaboost				0.000	0.000
Mix_bag						0.021