
For run 1 fold 1:	[0.2, 0.8, 0.0]  2.0	[0.2, 0.6, 0.2]  2.0	[0.1, 0.8, 0.1]  3.0		[-4.0, 2.0]	[0.0, 2.0]	[0.0, 2.0]
For run 1 fold 2:	[0.3, 0.6, 0.1]  1.0	[0.2, 0.7, 0.1]  3.0	[0.1, 0.7, 0.2]  3.0		[-2.0, 0.0]	[-4.0, 3.0]	[-2.0, 4.0]
For run 1 fold 3:	[0.3, 0.7, 0.0]  3.0	[0.2, 0.6, 0.2]  1.0	[0.2, 0.4, 0.4]  3.0		[-4.0, 4.0]	[-4.0, 4.0]	[-2.0, 4.0]
For run 1 fold 4:	[0.3, 0.7, 0.0]  3.0	[0.2, 0.6, 0.2]  2.0	[0.1, 0.7, 0.2]  2.0		[-5.0, 5.0]	[-5.0, 5.0]	[-1.0, 2.0]
For run 1 fold 5:	[0.3, 0.7, 0.0]  2.0	[0.3, 0.7, 0.0]  2.0	[0.0, 0.7, 0.3]  3.0		[-4.0, 2.0]	[-6.0, 6.0]	[-1.0, 2.0]
For run 2 fold 1:	[0.3, 0.6, 0.1]  1.0	[0.3, 0.6, 0.1]  1.0	[0.1, 0.6, 0.3]  2.0		[-4.0, 2.0]	[-2.0, 4.0]	[-2.0, 4.0]
For run 2 fold 2:	[0.2, 0.8, 0.0]  2.0	[0.1, 0.8, 0.1]  3.0	[0.1, 0.8, 0.1]  3.0		[-2.0, 0.0]	[-2.0, 2.0]	[-2.0, 4.0]
For run 2 fold 3:	[0.2, 0.8, 0.0]  2.0	[0.1, 0.6, 0.3]  2.0	[0.1, 0.6, 0.3]  2.0		[-2.0, 0.0]	[0.0, 2.0]	[0.0, 2.0]
For run 2 fold 4:	[0.1, 0.6, 0.3]  1.0	[0.1, 0.6, 0.3]  1.0	[0.0, 1.0, 0.0]  1.0		[-3.0, 1.0]	[-3.0, 2.0]	[0.0, 2.0]
For run 2 fold 5:	[0.3, 0.7, 0.0]  2.0	[0.4, 0.4, 0.2]  1.0	[0.0, 0.7, 0.3]  2.0		[-2.0, 0.0]	[-2.0, 0.0]	[-2.0, 0.0]
For run 3 fold 1:	[0.3, 0.7, 0.0]  3.0	[0.1, 0.6, 0.3]  3.0	[0.1, 0.6, 0.3]  3.0		[-2.0, 0.0]	[-5.0, 5.0]	[0.0, 2.0]
For run 3 fold 2:	[0.4, 0.4, 0.2]  1.0	[0.3, 0.6, 0.1]  1.0	[0.1, 0.6, 0.3]  2.0		[-2.0, 0.0]	[-1.0, 2.0]	[-3.0, 3.0]
For run 3 fold 3:	[0.1, 0.8, 0.1]  2.0	[0.1, 0.8, 0.1]  2.0	[0.1, 0.7, 0.2]  2.0		[-3.0, 1.0]	[0.0, 2.0]	[0.0, 2.0]
For run 3 fold 4:	[0.3, 0.7, 0.0]  2.0	[0.3, 0.6, 0.1]  3.0	[0.0, 0.7, 0.3]  3.0		[-3.0, 1.0]	[-2.0, 4.0]	[-2.0, 4.0]
For run 3 fold 5:	[0.2, 0.7, 0.1]  1.0	[0.1, 0.6, 0.3]  2.0	[0.1, 0.6, 0.3]  2.0		[-2.0, 0.0]	[-3.0, 1.0]	[0.0, 2.0]


Final results:
Dataset: balance_scale_BR.csv
Dataset with 337 instances and 4 predictive features
		Base		Regular		Wagging		Adaboost	Mixed (opt)	Grad-Mixed (opt)
Accuracy	0.855, 0.006	0.855, 0.006	0.855, 0.006	0.859, 0.011	0.855, 0.006	0.855, 0.006
F1		0.788, 0.008	0.788, 0.008	0.788, 0.008	0.804, 0.023	0.788, 0.008	0.788, 0.008
AUC		0.500, 0.000	0.500, 0.000	0.500, 0.000	0.527, 0.039	0.500, 0.000	0.500, 0.001

Time taken: 146.631 s