
For run 1 fold 1:	[0.1, 0.8, 0.1]  2.0	[0.1, 0.8, 0.1]  2.0	[0.1, 0.8, 0.1]  2.0		[-6.0, 6.0]	[-6.0, 6.0]	[-6.0, 6.0]
For run 1 fold 2:	[0.2, 0.8, 0.0]  2.0	[0.2, 0.8, 0.0]  2.0	[0.2, 0.8, 0.0]  2.0		[-2.0, 1.0]	[-2.0, 1.0]	[-2.0, 1.0]
For run 1 fold 3:	[0.0, 0.8, 0.2]  3.0	[0.0, 0.8, 0.2]  3.0	[0.0, 0.8, 0.2]  3.0		[-2.0, 3.0]	[-2.0, 3.0]	[-2.0, 3.0]
For run 1 fold 4:	[0.2, 0.7, 0.1]  3.0	[0.2, 0.7, 0.1]  3.0	[0.2, 0.7, 0.1]  3.0		[-5.0, 5.0]	[-5.0, 5.0]	[-5.0, 5.0]
For run 1 fold 5:	[0.0, 0.7, 0.3]  1.0	[0.0, 0.7, 0.3]  1.0	[0.2, 0.4, 0.4]  3.0		[-4.0, 4.0]	[-4.0, 3.0]	[-4.0, 3.0]
For run 2 fold 1:	[0.2, 0.4, 0.4]  1.0	[0.2, 0.4, 0.4]  1.0	[0.2, 0.4, 0.4]  1.0		[0.0, 2.0]	[0.0, 0.0]	[0.0, 2.0]
For run 2 fold 2:	[0.2, 0.6, 0.2]  3.0	[0.2, 0.6, 0.2]  3.0	[0.2, 0.6, 0.2]  3.0		[-5.0, 5.0]	[-5.0, 5.0]	[-5.0, 5.0]
For run 2 fold 3:	[0.3, 0.7, 0.0]  2.0	[0.3, 0.7, 0.0]  2.0	[0.3, 0.7, 0.0]  2.0		[0.0, 0.0]	[-2.0, 1.0]	[-2.0, 1.0]
For run 2 fold 4:	[0.3, 0.6, 0.1]  3.0	[0.3, 0.6, 0.1]  3.0	[0.3, 0.6, 0.1]  3.0		[-3.0, 1.0]	[-3.0, 1.0]	[-3.0, 1.0]
For run 2 fold 5:	[0.3, 0.7, 0.0]  2.0	[0.3, 0.7, 0.0]  2.0	[0.3, 0.7, 0.0]  2.0		[-2.0, 2.0]	[-2.0, 2.0]	[-2.0, 2.0]
For run 3 fold 1:	[0.1, 0.8, 0.1]  1.0	[0.1, 0.8, 0.1]  1.0	[0.1, 0.8, 0.1]  1.0		[-4.0, 4.0]	[-4.0, 4.0]	[-4.0, 4.0]
For run 3 fold 2:	[0.1, 0.6, 0.3]  2.0	[0.0, 1.0, 0.0]  2.0	[0.1, 0.6, 0.3]  2.0		[-4.0, 4.0]	[-4.0, 4.0]	[-4.0, 4.0]
For run 3 fold 3:	[0.2, 0.4, 0.4]  3.0	[0.2, 0.4, 0.4]  3.0	[0.2, 0.4, 0.4]  3.0		[-4.0, 3.0]	[-4.0, 3.0]	[-4.0, 3.0]
For run 3 fold 4:	[0.3, 0.7, 0.0]  3.0	[0.3, 0.7, 0.0]  3.0	[0.3, 0.7, 0.0]  3.0		[-1.0, 2.0]	[-1.0, 2.0]	[-1.0, 2.0]
For run 3 fold 5:	[0.2, 0.8, 0.0]  2.0	[0.2, 0.8, 0.0]  2.0	[0.2, 0.8, 0.0]  2.0		[-3.0, 3.0]	[-3.0, 3.0]	[-3.0, 3.0]


Final results:
Dataset: balance_scale_LR.csv
Dataset with 576 instances and 4 predictive features
		Base		Regular		Wagging		Adaboost	Mixed (opt)	Grad-Mixed (opt)
Accuracy	0.653, 0.023	0.762, 0.083	0.761, 0.077	0.934, 0.018	0.765, 0.066	0.747, 0.065
F1		0.649, 0.023	0.760, 0.085	0.759, 0.079	0.934, 0.018	0.738, 0.081	0.736, 0.073
AUC		0.653, 0.023	0.762, 0.083	0.762, 0.077	0.934, 0.018	0.733, 0.072	0.750, 0.087

Time taken: 565.591 s

Siginificance tests:
For Accuracy:
	Base	Reg_bag	Wagging	Boost	Mix_bag	Grad_mix
Base		0.001	0.001	0.000	0.001	0.001
Reg_bag			0.730	0.000	0.950	0.490
Wagging				0.000	0.847	0.561
Adaboost				0.000	0.000
Mix_bag						0.311
For F1:
	Base	Reg_bag	Wagging	Boost	Mix_bag	Grad_mix
Base		0.001	0.001	0.000	0.003	0.002
Reg_bag			0.730	0.000	0.245	0.470
Wagging				0.000	0.524	0.826
Adaboost				0.000	0.000
Mix_bag						0.875
For AUC:
	Base	Reg_bag	Wagging	Boost	Mix_bag	Grad_mix
Base		0.001	0.001	0.000	0.001	0.002
Reg_bag			0.730	0.000	0.286	0.510
Wagging				0.000	0.331	0.683
Adaboost				0.000	0.000
Mix_bag						0.389