
For run 1 fold 1:	[0.2, 0.4, 0.4]  3.0	[0.2, 0.4, 0.4]  3.0	[0.2, 0.4, 0.4]  3.0		[-4.0, 4.0]	[-4.0, 4.0]	[-4.0, 4.0]
For run 1 fold 2:	[0.0, 0.7, 0.3]  2.0	[0.0, 0.7, 0.3]  2.0	[0.0, 0.7, 0.3]  2.0		[-4.0, 4.0]	[-4.0, 4.0]	[-4.0, 4.0]
For run 1 fold 3:	[0.4, 0.4, 0.2]  1.0	[0.4, 0.4, 0.2]  1.0	[0.4, 0.4, 0.2]  1.0		[-6.0, 6.0]	[-6.0, 6.0]	[-6.0, 6.0]
For run 1 fold 4:	[0.2, 0.8, 0.0]  3.0	[0.3, 0.6, 0.1]  2.0	[0.3, 0.6, 0.1]  2.0		[-5.0, 5.0]	[-5.0, 5.0]	[-5.0, 5.0]
For run 1 fold 5:	[0.1, 0.6, 0.3]  3.0	[0.1, 0.6, 0.3]  3.0	[0.1, 0.6, 0.3]  3.0		[0.0, 2.0]	[0.0, 2.0]	[0.0, 2.0]
For run 2 fold 1:	[0.2, 0.4, 0.4]  2.0	[0.2, 0.4, 0.4]  2.0	[0.2, 0.4, 0.4]  2.0		[-5.0, 5.0]	[-5.0, 5.0]	[-5.0, 5.0]
For run 2 fold 2:	[0.0, 0.7, 0.3]  3.0	[0.0, 0.7, 0.3]  3.0	[0.0, 0.7, 0.3]  3.0		[-6.0, 6.0]	[-6.0, 6.0]	[-6.0, 6.0]
For run 2 fold 3:	[0.0, 0.7, 0.3]  3.0	[0.0, 0.7, 0.3]  3.0	[0.0, 0.7, 0.3]  3.0		[-5.0, 5.0]	[-5.0, 5.0]	[-5.0, 5.0]
For run 2 fold 4:	[0.0, 0.8, 0.2]  3.0	[0.0, 0.8, 0.2]  3.0	[0.0, 0.8, 0.2]  3.0		[-1.0, 3.0]	[-1.0, 3.0]	[-1.0, 3.0]
For run 2 fold 5:	[0.2, 0.6, 0.2]  3.0	[0.2, 0.6, 0.2]  3.0	[0.2, 0.6, 0.2]  3.0		[-1.0, 2.0]	[-1.0, 2.0]	[-1.0, 2.0]
For run 3 fold 1:	[0.1, 0.6, 0.3]  3.0	[0.1, 0.6, 0.3]  3.0	[0.1, 0.6, 0.3]  3.0		[-2.0, 1.0]	[-2.0, 1.0]	[-2.0, 1.0]
For run 3 fold 2:	[0.4, 0.4, 0.2]  3.0	[0.4, 0.4, 0.2]  3.0	[0.4, 0.4, 0.2]  3.0		[-2.0, 4.0]	[-2.0, 4.0]	[-2.0, 4.0]
For run 3 fold 3:	[0.2, 0.4, 0.4]  3.0	[0.2, 0.4, 0.4]  3.0	[0.2, 0.4, 0.4]  3.0		[-1.0, 3.0]	[-1.0, 3.0]	[-1.0, 3.0]
For run 3 fold 4:	[0.2, 0.7, 0.1]  3.0	[0.2, 0.7, 0.1]  3.0	[0.2, 0.7, 0.1]  3.0		[-2.0, 3.0]	[-2.0, 3.0]	[-2.0, 3.0]
For run 3 fold 5:	[0.1, 0.6, 0.3]  3.0	[0.1, 0.6, 0.3]  3.0	[0.1, 0.6, 0.3]  3.0		[-1.0, 3.0]	[-1.0, 3.0]	[-1.0, 3.0]


Final results:
Dataset: banknote_authentication.csv
Dataset with 1372 instances and 4 predictive features
		Base		Regular		Wagging		Adaboost	Mixed (opt)	Grad-Mixed (opt)
Accuracy	0.853, 0.028	0.848, 0.030	0.849, 0.026	0.965, 0.011	0.840, 0.034	0.840, 0.026
F1		0.853, 0.028	0.849, 0.030	0.849, 0.026	0.965, 0.011	0.847, 0.027	0.844, 0.028
AUC		0.854, 0.027	0.849, 0.030	0.851, 0.025	0.964, 0.011	0.850, 0.031	0.851, 0.026

Time taken: 1064.392 s

Siginificance tests:
For Accuracy:
	Base	Reg_bag	Wagging	Boost	Mix_bag	Grad_mix
Base		0.068	0.066	0.000	0.012	0.005
Reg_bag			0.462	0.000	0.066	0.071
Wagging				0.000	0.042	0.021
Adaboost				0.000	0.000
Mix_bag						0.878
For F1:
	Base	Reg_bag	Wagging	Boost	Mix_bag	Grad_mix
Base		0.068	0.068	0.000	0.028	0.005
Reg_bag			0.463	0.000	0.674	0.013
Wagging				0.000	0.345	0.074
Adaboost				0.000	0.000
Mix_bag						0.508
For AUC:
	Base	Reg_bag	Wagging	Boost	Mix_bag	Grad_mix
Base		0.068	0.068	0.000	0.068	0.018
Reg_bag			0.463	0.000	0.735	0.678
Wagging				0.000	1.000	0.678
Adaboost				0.000	0.000
Mix_bag						0.674