
For run 1 fold 1:	[0.4, 0.4, 0.2]  3.0	[0.4, 0.4, 0.2]  3.0	[0.4, 0.4, 0.2]  3.0		[-3.0, 3.0]	[-3.0, 3.0]	[-3.0, 4.0]
For run 1 fold 2:	[0.3, 0.7, 0.0]  1.0	[0.3, 0.7, 0.0]  1.0	[0.3, 0.7, 0.0]  1.0		[-3.0, 1.0]	[-3.0, 1.0]	[-3.0, 1.0]
For run 1 fold 3:	[0.3, 0.7, 0.0]  3.0	[0.2, 0.8, 0.0]  2.0	[0.2, 0.8, 0.0]  2.0		[-3.0, 2.0]	[-1.0, 3.0]	[-1.0, 1.0]
For run 1 fold 4:	[0.0, 1.0, 0.0]  3.0	[0.0, 1.0, 0.0]  3.0	[0.4, 0.4, 0.2]  3.0		[-4.0, 2.0]	[-4.0, 2.0]	[-4.0, 2.0]
For run 1 fold 5:	[0.2, 0.8, 0.0]  1.0	[0.2, 0.7, 0.1]  2.0	[0.2, 0.7, 0.1]  2.0		[-1.0, 2.0]	[-1.0, 2.0]	[-1.0, 2.0]
For run 2 fold 1:	[0.4, 0.4, 0.2]  2.0	[0.4, 0.4, 0.2]  2.0	[0.4, 0.4, 0.2]  2.0		[-2.0, 2.0]	[-2.0, 2.0]	[-2.0, 2.0]
For run 2 fold 2:	[0.1, 0.6, 0.3]  3.0	[0.1, 0.6, 0.3]  3.0	[0.1, 0.6, 0.3]  3.0		[-3.0, 3.0]	[-3.0, 3.0]	[-3.0, 3.0]
For run 2 fold 3:	[0.3, 0.7, 0.0]  2.0	[0.3, 0.7, 0.0]  2.0	[0.2, 0.4, 0.4]  3.0		[-5.0, 5.0]	[-5.0, 5.0]	[-5.0, 5.0]
For run 2 fold 4:	[0.4, 0.4, 0.2]  3.0	[0.4, 0.4, 0.2]  3.0	[0.1, 0.8, 0.1]  1.0		[-3.0, 4.0]	[-3.0, 4.0]	[-3.0, 4.0]
For run 2 fold 5:	[0.3, 0.7, 0.0]  2.0	[0.3, 0.7, 0.0]  2.0	[0.3, 0.7, 0.0]  2.0		[-5.0, 5.0]	[-5.0, 5.0]	[-5.0, 5.0]
For run 3 fold 1:	[0.1, 0.6, 0.3]  1.0	[0.1, 0.6, 0.3]  3.0	[0.1, 0.6, 0.3]  3.0		[-1.0, 1.0]	[-1.0, 1.0]	[-1.0, 1.0]
For run 3 fold 2:	[0.0, 0.8, 0.2]  3.0	[0.0, 0.8, 0.2]  3.0	[0.0, 0.8, 0.2]  3.0		[-3.0, 1.0]	[-3.0, 1.0]	[-3.0, 1.0]
For run 3 fold 3:	[0.2, 0.7, 0.1]  2.0	[0.2, 0.7, 0.1]  3.0	[0.2, 0.7, 0.1]  3.0		[-2.0, 4.0]	[-2.0, 4.0]	[-2.0, 4.0]
For run 3 fold 4:	[0.0, 0.8, 0.2]  2.0	[0.0, 0.8, 0.2]  2.0	[0.0, 0.8, 0.2]  2.0		[-3.0, 4.0]	[-3.0, 4.0]	[-3.0, 4.0]
For run 3 fold 5:	[0.2, 0.7, 0.1]  1.0	[0.2, 0.7, 0.1]  1.0	[0.2, 0.7, 0.1]  1.0		[-2.0, 4.0]	[-2.0, 4.0]	[-2.0, 4.0]


Final results:
Dataset: breast-w.csv
Dataset with 699 instances and 9 predictive features
		Base		Regular		Wagging		Adaboost	Mixed (opt)	Grad-Mixed (opt)
Accuracy	0.917, 0.020	0.933, 0.030	0.927, 0.022	0.947, 0.020	0.931, 0.028	0.919, 0.026
F1		0.917, 0.020	0.933, 0.030	0.926, 0.022	0.946, 0.020	0.933, 0.020	0.934, 0.020
AUC		0.910, 0.026	0.928, 0.032	0.913, 0.025	0.938, 0.027	0.918, 0.028	0.927, 0.035

Time taken: 1135.475 s

Siginificance tests:
For Accuracy:
	Base	Reg_bag	Wagging	Boost	Mix_bag	Grad_mix
Base		0.007	0.097	0.000	0.050	0.499
Reg_bag			0.332	0.035	0.760	0.142
Wagging				0.004	0.423	0.720
Adaboost				0.084	0.084
Mix_bag						0.068
For F1:
	Base	Reg_bag	Wagging	Boost	Mix_bag	Grad_mix
Base		0.007	0.074	0.000	0.019	0.021
Reg_bag			0.209	0.055	0.875	1.000
Wagging				0.003	0.221	0.249
Adaboost				0.075	0.075
Mix_bag						0.552
For AUC:
	Base	Reg_bag	Wagging	Boost	Mix_bag	Grad_mix
Base		0.007	0.386	0.001	0.241	0.062
Reg_bag			0.099	0.135	0.147	0.824
Wagging				0.004	0.551	0.209
Adaboost				0.073	0.073
Mix_bag						0.286