
For run 1 fold 1:	[0.2, 0.8, 0.0]  3.0	[0.0, 1.0, 0.0]  3.0	[0.0, 1.0, 0.0]  3.0		[-4.0, 2.0]	[-4.0, 2.0]	[-4.0, 2.0]
For run 1 fold 2:	[0.3, 0.6, 0.1]  2.0	[0.3, 0.6, 0.1]  2.0	[0.2, 0.4, 0.4]  2.0		[-4.0, 4.0]	[-4.0, 4.0]	[-4.0, 4.0]
For run 1 fold 3:	[0.2, 0.7, 0.1]  2.0	[0.2, 0.7, 0.1]  2.0	[0.2, 0.7, 0.1]  2.0		[-4.0, 3.0]	[-4.0, 3.0]	[-3.0, 4.0]
For run 1 fold 4:	[0.3, 0.7, 0.0]  3.0	[0.3, 0.7, 0.0]  3.0	[0.3, 0.7, 0.0]  3.0		[-3.0, 1.0]	[-3.0, 1.0]	[-3.0, 1.0]
For run 1 fold 5:	[0.3, 0.7, 0.0]  3.0	[0.3, 0.7, 0.0]  3.0	[0.3, 0.7, 0.0]  3.0		[-4.0, 2.0]	[-4.0, 2.0]	[-4.0, 2.0]
For run 2 fold 1:	[0.3, 0.7, 0.0]  3.0	[0.3, 0.7, 0.0]  3.0	[0.3, 0.6, 0.1]  3.0		[-4.0, 2.0]	[-4.0, 3.0]	[-5.0, 5.0]
For run 2 fold 2:	[0.1, 0.8, 0.1]  3.0	[0.2, 0.8, 0.0]  1.0	[0.1, 0.8, 0.1]  3.0		[-4.0, 2.0]	[-5.0, 5.0]	[-5.0, 5.0]
For run 2 fold 3:	[0.4, 0.4, 0.2]  3.0	[0.4, 0.4, 0.2]  3.0	[0.4, 0.4, 0.2]  3.0		[-2.0, 0.0]	[-2.0, 0.0]	[-2.0, 0.0]
For run 2 fold 4:	[0.4, 0.4, 0.2]  3.0	[0.4, 0.4, 0.2]  3.0	[0.3, 0.7, 0.0]  3.0		[-4.0, 2.0]	[-3.0, 4.0]	[-3.0, 4.0]
For run 2 fold 5:	[0.3, 0.6, 0.1]  3.0	[0.2, 0.8, 0.0]  1.0	[0.2, 0.8, 0.0]  1.0		[-3.0, 1.0]	[-3.0, 1.0]	[-3.0, 1.0]
For run 3 fold 1:	[0.0, 1.0, 0.0]  3.0	[0.0, 1.0, 0.0]  3.0	[0.0, 1.0, 0.0]  3.0		[-2.0, 1.0]	[-2.0, 1.0]	[-2.0, 1.0]
For run 3 fold 2:	[0.4, 0.4, 0.2]  2.0	[0.4, 0.4, 0.2]  2.0	[0.2, 0.6, 0.2]  1.0		[-2.0, 1.0]	[-2.0, 1.0]	[-2.0, 1.0]
For run 3 fold 3:	[0.2, 0.6, 0.2]  3.0	[0.3, 0.6, 0.1]  1.0	[0.3, 0.6, 0.1]  1.0		[-3.0, 2.0]	[-3.0, 2.0]	[-3.0, 2.0]
For run 3 fold 4:	[0.4, 0.4, 0.2]  1.0	[0.4, 0.4, 0.2]  1.0	[0.4, 0.4, 0.2]  1.0		[-5.0, 5.0]	[-5.0, 5.0]	[-5.0, 5.0]
For run 3 fold 5:	[0.3, 0.7, 0.0]  2.0	[0.3, 0.7, 0.0]  2.0	[0.3, 0.7, 0.0]  2.0		[-3.0, 1.0]	[-3.0, 1.0]	[-3.0, 1.0]


Final results:
Dataset: breast_cancer.csv
Dataset with 286 instances and 13 predictive features
		Base		Regular		Wagging		Adaboost	Mixed (opt)	Grad-Mixed (opt)
Accuracy	0.699, 0.041	0.723, 0.051	0.723, 0.039	0.722, 0.043	0.723, 0.057	0.721, 0.050
F1		0.688, 0.050	0.699, 0.047	0.695, 0.032	0.705, 0.046	0.707, 0.050	0.686, 0.046
AUC		0.625, 0.065	0.618, 0.050	0.606, 0.031	0.626, 0.054	0.612, 0.045	0.587, 0.042

Time taken: 294.889 s

Siginificance tests:
For Accuracy:
	Base	Reg_bag	Wagging	Boost	Mix_bag	Grad_mix
Base		0.015	0.026	0.041	0.007	0.043
Reg_bag			0.765	0.801	0.759	0.720
Wagging				0.890	0.916	0.919
Adaboost				0.833	0.833
Mix_bag						0.875
For F1:
	Base	Reg_bag	Wagging	Boost	Mix_bag	Grad_mix
Base		0.575	0.875	0.151	0.158	0.638
Reg_bag			0.799	0.561	0.594	0.477
Wagging				0.489	0.328	0.552
Adaboost				0.890	0.890
Mix_bag						0.064
For AUC:
	Base	Reg_bag	Wagging	Boost	Mix_bag	Grad_mix
Base		0.333	0.136	0.762	0.084	0.039
Reg_bag			0.386	0.359	0.552	0.155
Wagging				0.048	0.272	0.131
Adaboost				0.245	0.245
Mix_bag						0.196