
For run 1 fold 1:	[0.1, 0.6, 0.3]  3.0	[0.1, 0.6, 0.3]  3.0	[0.1, 0.6, 0.3]  2.0		[-1.0, 3.0]	[-1.0, 3.0]	[-1.0, 3.0]
For run 1 fold 2:	[0.0, 0.7, 0.3]  3.0	[0.0, 0.7, 0.3]  3.0	[0.0, 0.7, 0.3]  3.0		[-2.0, 4.0]	[-2.0, 4.0]	[0.0, 2.0]
For run 1 fold 3:	[0.0, 0.7, 0.3]  3.0	[0.0, 0.7, 0.3]  3.0	[0.0, 0.7, 0.3]  1.0		[-3.0, 4.0]	[-3.0, 4.0]	[-3.0, 4.0]
For run 1 fold 4:	[0.1, 0.6, 0.3]  2.0	[0.1, 0.6, 0.3]  2.0	[0.0, 0.7, 0.3]  3.0		[-6.0, 6.0]	[-2.0, 4.0]	[-2.0, 4.0]
For run 1 fold 5:	[0.0, 0.8, 0.2]  3.0	[0.0, 0.8, 0.2]  3.0	[0.0, 0.8, 0.2]  3.0		[-1.0, 3.0]	[-1.0, 3.0]	[-1.0, 3.0]
For run 2 fold 1:	[0.0, 0.8, 0.2]  2.0	[0.0, 0.8, 0.2]  2.0	[0.1, 0.6, 0.3]  2.0		[-6.0, 6.0]	[-6.0, 6.0]	[0.0, 2.0]
For run 2 fold 2:	[0.4, 0.4, 0.2]  3.0	[0.4, 0.4, 0.2]  3.0	[0.0, 0.7, 0.3]  1.0		[-5.0, 5.0]	[-5.0, 5.0]	[-1.0, 2.0]
For run 2 fold 3:	[0.0, 0.8, 0.2]  2.0	[0.2, 0.4, 0.4]  3.0	[0.2, 0.4, 0.4]  3.0		[-6.0, 6.0]	[-6.0, 6.0]	[0.0, 2.0]
For run 2 fold 4:	[0.2, 0.4, 0.4]  3.0	[0.2, 0.4, 0.4]  3.0	[0.0, 0.8, 0.2]  2.0		[-5.0, 5.0]	[-6.0, 6.0]	[0.0, 2.0]
For run 2 fold 5:	[0.1, 0.6, 0.3]  2.0	[0.1, 0.6, 0.3]  2.0	[0.0, 0.7, 0.3]  2.0		[-3.0, 4.0]	[-3.0, 4.0]	[0.0, 2.0]
For run 3 fold 1:	[0.0, 0.8, 0.2]  2.0	[0.0, 0.8, 0.2]  2.0	[0.2, 0.4, 0.4]  3.0		[-4.0, 4.0]	[-4.0, 4.0]	[0.0, 2.0]
For run 3 fold 2:	[0.0, 0.7, 0.3]  2.0	[0.0, 0.7, 0.3]  2.0	[0.0, 0.7, 0.3]  2.0		[-2.0, 4.0]	[-2.0, 4.0]	[-2.0, 4.0]
For run 3 fold 3:	[0.0, 0.8, 0.2]  2.0	[0.0, 0.8, 0.2]  2.0	[0.0, 0.8, 0.2]  2.0		[-4.0, 4.0]	[-4.0, 4.0]	[-4.0, 4.0]
For run 3 fold 4:	[0.0, 0.7, 0.3]  3.0	[0.0, 0.7, 0.3]  3.0	[0.0, 0.7, 0.3]  3.0		[-1.0, 3.0]	[-1.0, 3.0]	[-2.0, 4.0]
For run 3 fold 5:	[0.4, 0.4, 0.2]  1.0	[0.4, 0.4, 0.2]  1.0	[0.0, 0.7, 0.3]  2.0		[-6.0, 6.0]	[-1.0, 3.0]	[-1.0, 3.0]


Final results:
Dataset: cardiotocography_c1c2.csv
Dataset with 1950 instances and 21 predictive features
		Base		Regular		Wagging		Adaboost	Mixed (opt)	Grad-Mixed (opt)
Accuracy	0.899, 0.013	0.898, 0.012	0.897, 0.013	0.928, 0.012	0.898, 0.013	0.897, 0.014
F1		0.900, 0.012	0.897, 0.013	0.896, 0.014	0.927, 0.012	0.896, 0.014	0.897, 0.014
AUC		0.810, 0.024	0.801, 0.036	0.793, 0.044	0.847, 0.035	0.793, 0.044	0.787, 0.052

Time taken: 3693.306 s