
For run 1 fold 1:	[0.0, 1.0, 0.0]  3.0	[0.0, 1.0, 0.0]  3.0	[0.1, 0.6, 0.3]  3.0		[-2.0, 4.0]	[-2.0, 4.0]	[-2.0, 4.0]
For run 1 fold 2:	[0.1, 0.6, 0.3]  2.0	[0.1, 0.6, 0.3]  2.0	[0.2, 0.8, 0.0]  1.0		[-6.0, 6.0]	[-6.0, 6.0]	[-6.0, 6.0]
For run 1 fold 3:	[0.1, 0.6, 0.3]  2.0	[0.1, 0.6, 0.3]  2.0	[0.0, 0.8, 0.2]  2.0		[-2.0, 4.0]	[-2.0, 4.0]	[-2.0, 4.0]
For run 1 fold 4:	[0.0, 0.7, 0.3]  3.0	[0.0, 0.7, 0.3]  3.0	[0.0, 0.7, 0.3]  3.0		[-2.0, 2.0]	[-2.0, 2.0]	[-2.0, 2.0]
For run 1 fold 5:	[0.0, 0.8, 0.2]  3.0	[0.0, 0.8, 0.2]  3.0	[0.0, 0.7, 0.3]  3.0		[-3.0, 3.0]	[-3.0, 3.0]	[-3.0, 3.0]
For run 2 fold 1:	[0.2, 0.6, 0.2]  1.0	[0.2, 0.6, 0.2]  1.0	[0.2, 0.7, 0.1]  2.0		[-4.0, 4.0]	[-4.0, 4.0]	[0.0, 2.0]
For run 2 fold 2:	[0.0, 0.8, 0.2]  2.0	[0.0, 0.8, 0.2]  2.0	[0.0, 0.8, 0.2]  2.0		[-4.0, 3.0]	[-4.0, 3.0]	[-4.0, 3.0]
For run 2 fold 3:	[0.1, 0.8, 0.1]  2.0	[0.1, 0.8, 0.1]  2.0	[0.3, 0.6, 0.1]  2.0		[-5.0, 5.0]	[-5.0, 5.0]	[-2.0, 1.0]
For run 2 fold 4:	[0.1, 0.8, 0.1]  1.0	[0.1, 0.8, 0.1]  1.0	[0.1, 0.8, 0.1]  1.0		[-6.0, 6.0]	[-6.0, 6.0]	[-2.0, 1.0]
For run 2 fold 5:	[0.2, 0.8, 0.0]  3.0	[0.2, 0.8, 0.0]  3.0	[0.2, 0.8, 0.0]  3.0		[-3.0, 1.0]	[-3.0, 1.0]	[-3.0, 1.0]
For run 3 fold 1:	[0.2, 0.6, 0.2]  2.0	[0.2, 0.6, 0.2]  2.0	[0.0, 0.7, 0.3]  3.0		[-1.0, 1.0]	[-1.0, 1.0]	[-1.0, 1.0]
For run 3 fold 2:	[0.1, 0.6, 0.3]  2.0	[0.1, 0.6, 0.3]  2.0	[0.1, 0.6, 0.3]  2.0		[-6.0, 6.0]	[-6.0, 6.0]	[-4.0, 4.0]
For run 3 fold 3:	[0.0, 0.7, 0.3]  3.0	[0.0, 0.7, 0.3]  3.0	[0.2, 0.7, 0.1]  3.0		[-5.0, 5.0]	[-5.0, 5.0]	[-2.0, 3.0]
For run 3 fold 4:	[0.2, 0.4, 0.4]  3.0	[0.2, 0.4, 0.4]  3.0	[0.2, 0.4, 0.4]  3.0		[-2.0, 4.0]	[-2.0, 4.0]	[-2.0, 4.0]
For run 3 fold 5:	[0.0, 1.0, 0.0]  1.0	[0.0, 1.0, 0.0]  1.0	[0.2, 0.4, 0.4]  2.0		[-2.0, 3.0]	[-2.0, 3.0]	[-2.0, 3.0]


Final results:
Dataset: cardiotocography_c1c3.csv
Dataset with 1831 instances and 21 predictive features
		Base		Regular		Wagging		Adaboost	Mixed (opt)	Grad-Mixed (opt)
Accuracy	0.948, 0.007	0.948, 0.008	0.949, 0.008	0.982, 0.006	0.948, 0.007	0.948, 0.008
F1		0.942, 0.009	0.942, 0.010	0.943, 0.010	0.981, 0.006	0.941, 0.010	0.942, 0.010
AUC		0.761, 0.036	0.761, 0.036	0.761, 0.036	0.934, 0.029	0.755, 0.039	0.743, 0.028

Time taken: 2939.193 s

Siginificance tests:
For Accuracy:
	Base	Reg_bag	Wagging	Boost	Mix_bag	Grad_mix
Base		0.317	0.083	0.000	0.317	0.317
Reg_bag			0.157	0.000	0.180	1.000
Wagging				0.000	0.059	0.157
Adaboost				0.000	0.000
Mix_bag						0.180
For F1:
	Base	Reg_bag	Wagging	Boost	Mix_bag	Grad_mix
Base		0.317	0.102	0.000	1.000	0.713
Reg_bag			0.180	0.000	0.655	1.000
Wagging				0.000	0.180	0.317
Adaboost				0.000	0.000
Mix_bag						0.317
For AUC:
	Base	Reg_bag	Wagging	Boost	Mix_bag	Grad_mix
Base		0.317	0.083	0.000	0.655	0.109
Reg_bag			0.157	0.000	0.414	0.109
Wagging				0.000	0.102	0.068
Adaboost				0.000	0.000
Mix_bag						0.180