
For run 1 fold 1:	[0.2, 0.6, 0.2]  3.0	[0.1, 0.7, 0.2]  1.0	[0.1, 0.7, 0.2]  1.0		[-1.0, 1.0]	[-1.0, 1.0]	[-1.0, 1.0]
For run 1 fold 2:	[0.1, 0.7, 0.2]  3.0	[0.1, 0.7, 0.2]  3.0	[0.1, 0.7, 0.2]  3.0		[-4.0, 3.0]	[-4.0, 3.0]	[-4.0, 3.0]
For run 1 fold 3:	[0.1, 0.7, 0.2]  1.0	[0.1, 0.7, 0.2]  1.0	[0.1, 0.7, 0.2]  1.0		[-3.0, 1.0]	[-3.0, 1.0]	[-3.0, 1.0]
For run 1 fold 4:	[0.2, 0.7, 0.1]  2.0	[0.2, 0.6, 0.2]  2.0	[0.2, 0.6, 0.2]  2.0		[-6.0, 6.0]	[-6.0, 6.0]	[-6.0, 6.0]
For run 1 fold 5:	[0.3, 0.6, 0.1]  1.0	[0.3, 0.6, 0.1]  1.0	[0.3, 0.6, 0.1]  1.0		[-5.0, 5.0]	[-5.0, 5.0]	[-5.0, 5.0]
For run 2 fold 1:	[0.1, 0.8, 0.1]  1.0	[0.2, 0.6, 0.2]  3.0	[0.2, 0.6, 0.2]  3.0		[-2.0, 4.0]	[-2.0, 4.0]	[-2.0, 4.0]
For run 2 fold 2:	[0.2, 0.4, 0.4]  1.0	[0.2, 0.4, 0.4]  1.0	[0.2, 0.4, 0.4]  1.0		[-3.0, 4.0]	[-3.0, 4.0]	[-3.0, 4.0]
For run 2 fold 3:	[0.2, 0.6, 0.2]  2.0	[0.2, 0.6, 0.2]  2.0	[0.1, 0.7, 0.2]  1.0		[-6.0, 6.0]	[-6.0, 6.0]	[-6.0, 6.0]
For run 2 fold 4:	[0.4, 0.4, 0.2]  1.0	[0.4, 0.4, 0.2]  1.0	[0.4, 0.4, 0.2]  1.0		[-3.0, 2.0]	[-5.0, 5.0]	[-5.0, 5.0]
For run 2 fold 5:	[0.4, 0.4, 0.2]  1.0	[0.0, 0.7, 0.3]  1.0	[0.0, 0.7, 0.3]  1.0		[-2.0, 4.0]	[-2.0, 4.0]	[-2.0, 4.0]
For run 3 fold 1:	[0.2, 0.7, 0.1]  3.0	[0.2, 0.7, 0.1]  3.0	[0.2, 0.7, 0.1]  3.0		[-2.0, 0.0]	[-2.0, 0.0]	[-2.0, 0.0]
For run 3 fold 2:	[0.4, 0.4, 0.2]  2.0	[0.4, 0.4, 0.2]  2.0	[0.4, 0.4, 0.2]  2.0		[-1.0, 3.0]	[-1.0, 3.0]	[-1.0, 3.0]
For run 3 fold 3:	[0.4, 0.4, 0.2]  2.0	[0.2, 0.6, 0.2]  3.0	[0.2, 0.8, 0.0]  3.0		[-1.0, 1.0]	[-1.0, 1.0]	[-6.0, 6.0]
For run 3 fold 4:	[0.2, 0.6, 0.2]  3.0	[0.2, 0.6, 0.2]  3.0	[0.2, 0.6, 0.2]  3.0		[-6.0, 6.0]	[-6.0, 6.0]	[-4.0, 4.0]
For run 3 fold 5:	[0.4, 0.4, 0.2]  3.0	[0.4, 0.4, 0.2]  3.0	[0.4, 0.4, 0.2]  3.0		[-3.0, 4.0]	[-3.0, 4.0]	[-3.0, 4.0]


Final results:
Dataset: cardiotocography_c2c3.csv
Dataset with 471 instances and 21 predictive features
		Base		Regular		Wagging		Adaboost	Mixed (opt)	Grad-Mixed (opt)
Accuracy	0.846, 0.035	0.845, 0.034	0.848, 0.033	0.970, 0.012	0.842, 0.028	0.836, 0.037
F1		0.840, 0.037	0.838, 0.036	0.841, 0.035	0.970, 0.012	0.842, 0.039	0.823, 0.046
AUC		0.808, 0.040	0.806, 0.039	0.809, 0.038	0.967, 0.012	0.817, 0.048	0.801, 0.052

Time taken: 333.955 s

Siginificance tests:
For Accuracy:
	Base	Reg_bag	Wagging	Boost	Mix_bag	Grad_mix
Base		0.180	0.416	0.000	0.854	0.256
Reg_bag			0.078	0.000	0.595	0.505
Wagging				0.000	0.395	0.201
Adaboost				0.000	0.000
Mix_bag						0.594
For F1:
	Base	Reg_bag	Wagging	Boost	Mix_bag	Grad_mix
Base		0.109	0.686	0.000	0.686	0.066
Reg_bag			0.249	0.000	0.398	0.139
Wagging				0.000	0.594	0.050
Adaboost				0.000	0.000
Mix_bag						0.051
For AUC:
	Base	Reg_bag	Wagging	Boost	Mix_bag	Grad_mix
Base		0.102	0.786	0.000	1.000	0.866
Reg_bag			0.344	0.000	0.683	0.674
Wagging				0.000	0.944	0.878
Adaboost				0.000	0.000
Mix_bag						0.753