
For run 1 fold 1:	[0.1, 0.7, 0.2]  2.0	[0.1, 0.7, 0.2]  2.0	[0.2, 0.6, 0.2]  3.0		[-4.0, 3.0]	[-4.0, 3.0]	[-2.0, 2.0]
For run 1 fold 2:	[0.4, 0.4, 0.2]  3.0	[0.4, 0.4, 0.2]  3.0	[0.2, 0.8, 0.0]  1.0		[-3.0, 2.0]	[-2.0, 4.0]	[-2.0, 4.0]
For run 1 fold 3:	[0.3, 0.7, 0.0]  1.0	[0.3, 0.7, 0.0]  1.0	[0.3, 0.7, 0.0]  2.0		[-2.0, 0.0]	[-2.0, 1.0]	[-2.0, 0.0]
For run 1 fold 4:	[0.1, 0.7, 0.2]  1.0	[0.4, 0.4, 0.2]  3.0	[0.2, 0.6, 0.2]  1.0		[-4.0, 3.0]	[-3.0, 2.0]	[-3.0, 2.0]
For run 1 fold 5:	[0.1, 0.7, 0.2]  2.0	[0.1, 0.7, 0.2]  2.0	[0.1, 0.7, 0.2]  2.0		[-1.0, 1.0]	[-1.0, 1.0]	[-1.0, 1.0]
For run 2 fold 1:	[0.1, 0.8, 0.1]  1.0	[0.1, 0.8, 0.1]  1.0	[0.1, 0.8, 0.1]  1.0		[-3.0, 2.0]	[-3.0, 2.0]	[-2.0, 0.0]
For run 2 fold 2:	[0.3, 0.6, 0.1]  2.0	[0.3, 0.6, 0.1]  2.0	[0.1, 0.7, 0.2]  1.0		[-2.0, 0.0]	[-2.0, 0.0]	[-2.0, 0.0]
For run 2 fold 3:	[0.2, 0.6, 0.2]  1.0	[0.2, 0.6, 0.2]  1.0	[0.1, 0.7, 0.2]  2.0		[-6.0, 6.0]	[-6.0, 6.0]	[-3.0, 1.0]
For run 2 fold 4:	[0.3, 0.6, 0.1]  3.0	[0.3, 0.6, 0.1]  3.0	[0.3, 0.6, 0.1]  3.0		[-3.0, 2.0]	[-3.0, 2.0]	[0.0, 0.0]
For run 2 fold 5:	[0.2, 0.7, 0.1]  2.0	[0.1, 0.7, 0.2]  3.0	[0.1, 0.7, 0.2]  3.0		[-4.0, 2.0]	[-4.0, 2.0]	[-3.0, 2.0]
For run 3 fold 1:	[0.1, 0.7, 0.2]  1.0	[0.1, 0.7, 0.2]  1.0	[0.1, 0.7, 0.2]  1.0		[-4.0, 4.0]	[-4.0, 4.0]	[-4.0, 3.0]
For run 3 fold 2:	[0.3, 0.7, 0.0]  1.0	[0.3, 0.7, 0.0]  1.0	[0.1, 0.6, 0.3]  3.0		[-4.0, 3.0]	[-4.0, 3.0]	[-3.0, 2.0]
For run 3 fold 3:	[0.3, 0.6, 0.1]  3.0	[0.3, 0.6, 0.1]  3.0	[0.0, 0.7, 0.3]  2.0		[-3.0, 4.0]	[-3.0, 4.0]	[-3.0, 4.0]
For run 3 fold 4:	[0.0, 0.8, 0.2]  2.0	[0.0, 0.8, 0.2]  2.0	[0.4, 0.4, 0.2]  2.0		[-6.0, 6.0]	[-6.0, 6.0]	[-4.0, 4.0]
For run 3 fold 5:	[0.0, 1.0, 0.0]  2.0	[0.0, 0.8, 0.2]  2.0	[0.0, 1.0, 0.0]  2.0		[0.0, 2.0]	[0.0, 2.0]	[-3.0, 4.0]


Final results:
Dataset: cervical_cancer_risk_factors.csv
Dataset with 858 instances and 33 predictive features
		Base		Regular		Wagging		Adaboost	Mixed (opt)	Grad-Mixed (opt)
Accuracy	0.962, 0.014	0.962, 0.014	0.962, 0.014	0.947, 0.014	0.962, 0.014	0.962, 0.014
F1		0.964, 0.013	0.964, 0.013	0.964, 0.013	0.945, 0.014	0.964, 0.013	0.964, 0.013
AUC		0.920, 0.046	0.920, 0.046	0.920, 0.046	0.743, 0.067	0.920, 0.046	0.920, 0.046

Time taken: 2096.020 s