
For run 1 fold 1:	[0.0, 0.7, 0.3]  3.0	[0.0, 0.7, 0.3]  3.0	[0.0, 0.7, 0.3]  3.0		[-2.0, 3.0]	[-1.0, 3.0]	[-1.0, 3.0]
For run 1 fold 2:	[0.0, 0.7, 0.3]  3.0	[0.0, 0.7, 0.3]  3.0	[0.0, 0.7, 0.3]  3.0		[-4.0, 4.0]	[-4.0, 4.0]	[-4.0, 4.0]
For run 1 fold 3:	[0.2, 0.6, 0.2]  3.0	[0.2, 0.6, 0.2]  3.0	[0.2, 0.6, 0.2]  3.0		[-1.0, 2.0]	[-1.0, 2.0]	[-1.0, 2.0]
For run 1 fold 4:	[0.0, 0.7, 0.3]  1.0	[0.0, 0.7, 0.3]  1.0	[0.0, 0.7, 0.3]  1.0		[-1.0, 3.0]	[-1.0, 3.0]	[-1.0, 3.0]
For run 1 fold 5:	[0.0, 0.7, 0.3]  3.0	[0.0, 0.7, 0.3]  3.0	[0.0, 0.7, 0.3]  3.0		[-3.0, 4.0]	[-3.0, 4.0]	[-3.0, 4.0]
For run 2 fold 1:	[0.3, 0.7, 0.0]  1.0	[0.1, 0.6, 0.3]  3.0	[0.3, 0.7, 0.0]  1.0		[-2.0, 4.0]	[0.0, 2.0]	[-2.0, 4.0]
For run 2 fold 2:	[0.0, 0.7, 0.3]  3.0	[0.0, 0.7, 0.3]  3.0	[0.0, 0.7, 0.3]  3.0		[-2.0, 1.0]	[-2.0, 1.0]	[-2.0, 1.0]
For run 2 fold 3:	[0.2, 0.4, 0.4]  3.0	[0.2, 0.4, 0.4]  3.0	[0.2, 0.4, 0.4]  3.0		[-1.0, 3.0]	[-1.0, 3.0]	[-1.0, 3.0]
For run 2 fold 4:	[0.0, 0.7, 0.3]  3.0	[0.0, 0.7, 0.3]  3.0	[0.0, 0.7, 0.3]  3.0		[-2.0, 3.0]	[-2.0, 3.0]	[-1.0, 3.0]
For run 2 fold 5:	[0.1, 0.7, 0.2]  3.0	[0.1, 0.7, 0.2]  3.0	[0.1, 0.7, 0.2]  3.0		[-2.0, 4.0]	[-2.0, 4.0]	[-2.0, 4.0]
For run 3 fold 1:	[0.2, 0.6, 0.2]  1.0	[0.2, 0.6, 0.2]  1.0	[0.2, 0.6, 0.2]  1.0		[-1.0, 3.0]	[-1.0, 3.0]	[-1.0, 3.0]
For run 3 fold 2:	[0.1, 0.6, 0.3]  1.0	[0.1, 0.6, 0.3]  1.0	[0.1, 0.6, 0.3]  1.0		[-4.0, 4.0]	[-3.0, 4.0]	[-3.0, 3.0]
For run 3 fold 3:	[0.2, 0.7, 0.1]  1.0	[0.2, 0.7, 0.1]  1.0	[0.0, 0.7, 0.3]  2.0		[0.0, 2.0]	[0.0, 2.0]	[0.0, 2.0]
For run 3 fold 4:	[0.2, 0.6, 0.2]  1.0	[0.0, 0.7, 0.3]  3.0	[0.0, 0.7, 0.3]  3.0		[-6.0, 6.0]	[-6.0, 6.0]	[-6.0, 6.0]
For run 3 fold 5:	[0.2, 0.7, 0.1]  1.0	[0.1, 0.7, 0.2]  3.0	[0.1, 0.7, 0.2]  3.0		[-5.0, 5.0]	[-5.0, 5.0]	[-5.0, 5.0]


Final results:
Dataset: chronic_kidney.csv
Dataset with 400 instances and 24 predictive features
		Base		Regular		Wagging		Adaboost	Mixed (opt)	Grad-Mixed (opt)
Accuracy	0.860, 0.031	0.867, 0.033	0.863, 0.031	0.993, 0.014	0.859, 0.033	0.863, 0.041
F1		0.860, 0.031	0.866, 0.033	0.863, 0.032	0.993, 0.014	0.860, 0.040	0.867, 0.047
AUC		0.861, 0.040	0.865, 0.043	0.866, 0.042	0.994, 0.011	0.861, 0.043	0.873, 0.046

Time taken: 4723.732 s

Siginificance tests:
For Accuracy:
	Base	Reg_bag	Wagging	Boost	Mix_bag	Grad_mix
Base		0.273	0.593	0.000	0.891	0.753
Reg_bag			0.285	0.000	0.216	0.734
Wagging				0.000	0.547	0.833
Adaboost				0.000	0.000
Mix_bag						0.436
For F1:
	Base	Reg_bag	Wagging	Boost	Mix_bag	Grad_mix
Base		0.273	0.465	0.000	0.715	0.499
Reg_bag			0.465	0.000	0.345	0.767
Wagging				0.000	0.600	0.575
Adaboost				0.000	0.000
Mix_bag						0.484
For AUC:
	Base	Reg_bag	Wagging	Boost	Mix_bag	Grad_mix
Base		0.144	0.273	0.000	1.000	0.173
Reg_bag			1.000	0.000	0.345	0.673
Wagging				0.000	0.273	0.674
Adaboost				0.000	0.000
Mix_bag						0.237