
For run 1 fold 1:	[0.0, 0.7, 0.3]  3.0	[0.0, 0.7, 0.3]  3.0	[0.0, 0.7, 0.3]  3.0		[0.0, 2.0]	[0.0, 2.0]	[0.0, 2.0]
For run 1 fold 2:	[0.1, 0.7, 0.2]  3.0	[0.0, 0.8, 0.2]  2.0	[0.0, 0.8, 0.2]  2.0		[-2.0, 4.0]	[-2.0, 4.0]	[-2.0, 4.0]
For run 1 fold 3:	[0.2, 0.6, 0.2]  2.0	[0.1, 0.6, 0.3]  3.0	[0.0, 0.7, 0.3]  2.0		[-6.0, 6.0]	[-2.0, 4.0]	[0.0, 2.0]
For run 1 fold 4:	[0.2, 0.6, 0.2]  2.0	[0.0, 0.7, 0.3]  1.0	[0.0, 0.7, 0.3]  3.0		[-2.0, 3.0]	[-2.0, 3.0]	[0.0, 2.0]
For run 1 fold 5:	[0.0, 0.7, 0.3]  1.0	[0.1, 0.7, 0.2]  3.0	[0.1, 0.7, 0.2]  3.0		[0.0, 0.0]	[0.0, 0.0]	[-2.0, 3.0]
For run 2 fold 1:	[0.1, 0.7, 0.2]  3.0	[0.1, 0.7, 0.2]  3.0	[0.0, 0.7, 0.3]  1.0		[0.0, 2.0]	[0.0, 2.0]	[0.0, 2.0]
For run 2 fold 2:	[0.2, 0.4, 0.4]  3.0	[0.0, 0.8, 0.2]  1.0	[0.0, 0.8, 0.2]  1.0		[-3.0, 4.0]	[0.0, 2.0]	[0.0, 2.0]
For run 2 fold 3:	[0.1, 0.6, 0.3]  3.0	[0.1, 0.6, 0.3]  3.0	[0.0, 0.7, 0.3]  3.0		[-2.0, 3.0]	[-2.0, 3.0]	[0.0, 2.0]
For run 2 fold 4:	[0.1, 0.8, 0.1]  3.0	[0.0, 0.7, 0.3]  2.0	[0.0, 0.7, 0.3]  2.0		[-2.0, 3.0]	[0.0, 2.0]	[0.0, 2.0]
For run 2 fold 5:	[0.1, 0.6, 0.3]  3.0	[0.0, 0.7, 0.3]  2.0	[0.0, 0.7, 0.3]  2.0		[-4.0, 3.0]	[-1.0, 2.0]	[0.0, 2.0]
For run 3 fold 1:	[0.3, 0.7, 0.0]  1.0	[0.2, 0.4, 0.4]  3.0	[0.2, 0.4, 0.4]  3.0		[-5.0, 5.0]	[-5.0, 5.0]	[0.0, 2.0]
For run 3 fold 2:	[0.1, 0.6, 0.3]  3.0	[0.1, 0.6, 0.3]  3.0	[0.2, 0.4, 0.4]  1.0		[-1.0, 3.0]	[0.0, 2.0]	[0.0, 2.0]
For run 3 fold 3:	[0.1, 0.6, 0.3]  3.0	[0.2, 0.4, 0.4]  3.0	[0.0, 0.7, 0.3]  2.0		[-6.0, 6.0]	[-2.0, 4.0]	[0.0, 2.0]
For run 3 fold 4:	[0.0, 0.7, 0.3]  3.0	[0.0, 0.7, 0.3]  3.0	[0.0, 0.7, 0.3]  3.0		[-1.0, 3.0]	[-1.0, 3.0]	[0.0, 2.0]
For run 3 fold 5:	[0.2, 0.6, 0.2]  3.0	[0.0, 0.8, 0.2]  1.0	[0.0, 0.7, 0.3]  3.0		[-2.0, 4.0]	[0.0, 2.0]	[0.0, 2.0]


Final results:
Dataset: climate_model.csv
Dataset with 540 instances and 18 predictive features
		Base		Regular		Wagging		Adaboost	Mixed (opt)	Grad-Mixed (opt)
Accuracy	0.915, 0.004	0.915, 0.004	0.915, 0.004	0.931, 0.022	0.915, 0.004	0.915, 0.004
F1		0.874, 0.005	0.874, 0.005	0.874, 0.005	0.923, 0.026	0.874, 0.005	0.874, 0.005
AUC		0.500, 0.000	0.500, 0.000	0.500, 0.000	0.698, 0.098	0.500, 0.000	0.500, 0.000

Time taken: 383.191 s