
For run 1 fold 1:	[0.3, 0.6, 0.1]  2.0	[0.3, 0.6, 0.1]  2.0	[0.3, 0.6, 0.1]  2.0		[-2.0, 0.0]	[-2.0, 0.0]	[-2.0, 0.0]
For run 1 fold 2:	[0.3, 0.7, 0.0]  3.0	[0.3, 0.7, 0.0]  1.0	[0.3, 0.7, 0.0]  1.0		[-4.0, 2.0]	[-4.0, 2.0]	[-2.0, 0.0]
For run 1 fold 3:	[0.3, 0.7, 0.0]  3.0	[0.3, 0.7, 0.0]  3.0	[0.3, 0.7, 0.0]  2.0		[-3.0, 2.0]	[-3.0, 2.0]	[-3.0, 2.0]
For run 1 fold 4:	[0.2, 0.8, 0.0]  2.0	[0.2, 0.8, 0.0]  2.0	[0.2, 0.8, 0.0]  2.0		[-3.0, 1.0]	[-3.0, 1.0]	[-3.0, 1.0]
For run 1 fold 5:	[0.3, 0.7, 0.0]  2.0	[0.3, 0.7, 0.0]  2.0	[0.3, 0.7, 0.0]  2.0		[-3.0, 1.0]	[-3.0, 1.0]	[-3.0, 1.0]
For run 2 fold 1:	[0.2, 0.7, 0.1]  3.0	[0.3, 0.6, 0.1]  2.0	[0.2, 0.7, 0.1]  2.0		[-3.0, 1.0]	[-3.0, 1.0]	[-2.0, 1.0]
For run 2 fold 2:	[0.2, 0.7, 0.1]  3.0	[0.2, 0.7, 0.1]  3.0	[0.2, 0.7, 0.1]  3.0		[-2.0, 0.0]	[-2.0, 0.0]	[-2.0, 0.0]
For run 2 fold 3:	[0.3, 0.7, 0.0]  3.0	[0.3, 0.7, 0.0]  3.0	[0.3, 0.7, 0.0]  3.0		[-3.0, 1.0]	[-3.0, 1.0]	[-2.0, 1.0]
For run 2 fold 4:	[0.3, 0.7, 0.0]  3.0	[0.3, 0.7, 0.0]  3.0	[0.3, 0.7, 0.0]  3.0		[-2.0, 0.0]	[-2.0, 0.0]	[-2.0, 0.0]
For run 2 fold 5:	[0.3, 0.7, 0.0]  3.0	[0.3, 0.7, 0.0]  3.0	[0.3, 0.7, 0.0]  3.0		[-2.0, 0.0]	[-2.0, 0.0]	[-2.0, 0.0]
For run 3 fold 1:	[0.2, 0.8, 0.0]  2.0	[0.2, 0.6, 0.2]  1.0	[0.2, 0.6, 0.2]  1.0		[-2.0, 0.0]	[-2.0, 0.0]	[-2.0, 0.0]
For run 3 fold 2:	[0.4, 0.4, 0.2]  1.0	[0.4, 0.4, 0.2]  1.0	[0.4, 0.4, 0.2]  1.0		[-2.0, 0.0]	[-2.0, 0.0]	[-2.0, 0.0]
For run 3 fold 3:	[0.1, 0.8, 0.1]  1.0	[0.1, 0.8, 0.1]  1.0	[0.1, 0.8, 0.1]  1.0		[-3.0, 1.0]	[-3.0, 1.0]	[-4.0, 2.0]
For run 3 fold 4:	[0.1, 0.8, 0.1]  2.0	[0.1, 0.8, 0.1]  2.0	[0.1, 0.8, 0.1]  2.0		[-4.0, 2.0]	[-4.0, 2.0]	[-4.0, 2.0]
For run 3 fold 5:	[0.3, 0.7, 0.0]  2.0	[0.3, 0.7, 0.0]  2.0	[0.3, 0.6, 0.1]  3.0		[-2.0, 1.0]	[-2.0, 1.0]	[-3.0, 4.0]


Final results:
Dataset: contraceptive_LS.csv
Dataset with 844 instances and 9 predictive features
		Base		Regular		Wagging		Adaboost	Mixed (opt)	Grad-Mixed (opt)
Accuracy	0.612, 0.035	0.627, 0.040	0.624, 0.039	0.645, 0.040	0.624, 0.033	0.629, 0.031
F1		0.609, 0.035	0.621, 0.040	0.612, 0.037	0.636, 0.043	0.624, 0.045	0.612, 0.046
AUC		0.594, 0.034	0.599, 0.043	0.593, 0.036	0.613, 0.045	0.609, 0.039	0.605, 0.039

Time taken: 309.477 s

Siginificance tests:
For Accuracy:
	Base	Reg_bag	Wagging	Boost	Mix_bag	Grad_mix
Base		0.116	0.016	0.002	0.040	0.010
Reg_bag			0.813	0.030	0.723	0.530
Wagging				0.022	0.788	0.509
Adaboost				0.033	0.033
Mix_bag						0.408
For F1:
	Base	Reg_bag	Wagging	Boost	Mix_bag	Grad_mix
Base		0.173	0.695	0.005	0.107	0.701
Reg_bag			0.221	0.121	0.804	0.345
Wagging				0.005	0.277	0.925
Adaboost				0.151	0.151
Mix_bag						0.198
For AUC:
	Base	Reg_bag	Wagging	Boost	Mix_bag	Grad_mix
Base		0.507	0.695	0.064	0.056	0.272
Reg_bag			0.345	0.169	0.177	0.433
Wagging				0.030	0.012	0.101
Adaboost				0.524	0.524
Mix_bag						0.650