
For run 1 fold 1:	[0.4, 0.4, 0.2]  3.0	[0.1, 0.8, 0.1]  3.0	[0.1, 0.8, 0.1]  3.0		[-2.0, 4.0]	[-2.0, 4.0]	[-4.0, 3.0]
For run 1 fold 2:	[0.2, 0.8, 0.0]  2.0	[0.4, 0.4, 0.2]  2.0	[0.4, 0.4, 0.2]  2.0		[-3.0, 2.0]	[-3.0, 2.0]	[-4.0, 3.0]
For run 1 fold 3:	[0.4, 0.4, 0.2]  3.0	[0.3, 0.6, 0.1]  3.0	[0.3, 0.6, 0.1]  3.0		[-2.0, 0.0]	[-2.0, 0.0]	[-2.0, 0.0]
For run 1 fold 4:	[0.3, 0.7, 0.0]  3.0	[0.3, 0.7, 0.0]  3.0	[0.3, 0.7, 0.0]  3.0		[-3.0, 1.0]	[-3.0, 1.0]	[-3.0, 1.0]
For run 1 fold 5:	[0.4, 0.4, 0.2]  3.0	[0.3, 0.6, 0.1]  2.0	[0.3, 0.6, 0.1]  1.0		[-2.0, 0.0]	[-2.0, 0.0]	[-2.0, 0.0]
For run 2 fold 1:	[0.4, 0.4, 0.2]  3.0	[0.4, 0.4, 0.2]  3.0	[0.4, 0.4, 0.2]  3.0		[-2.0, 0.0]	[-2.0, 0.0]	[-2.0, 0.0]
For run 2 fold 2:	[0.2, 0.8, 0.0]  3.0	[0.2, 0.8, 0.0]  3.0	[0.2, 0.8, 0.0]  3.0		[-2.0, 0.0]	[-4.0, 4.0]	[-4.0, 4.0]
For run 2 fold 3:	[0.2, 0.8, 0.0]  3.0	[0.2, 0.8, 0.0]  3.0	[0.2, 0.8, 0.0]  3.0		[-2.0, 0.0]	[-2.0, 0.0]	[-2.0, 0.0]
For run 2 fold 4:	[0.4, 0.4, 0.2]  3.0	[0.4, 0.4, 0.2]  3.0	[0.0, 0.8, 0.2]  2.0		[-6.0, 6.0]	[-6.0, 6.0]	[-6.0, 6.0]
For run 2 fold 5:	[0.1, 0.8, 0.1]  3.0	[0.1, 0.8, 0.1]  3.0	[0.1, 0.8, 0.1]  3.0		[-3.0, 1.0]	[-3.0, 1.0]	[-3.0, 1.0]
For run 3 fold 1:	[0.4, 0.4, 0.2]  2.0	[0.4, 0.4, 0.2]  2.0	[0.4, 0.4, 0.2]  2.0		[-3.0, 1.0]	[-3.0, 1.0]	[-3.0, 1.0]
For run 3 fold 2:	[0.3, 0.6, 0.1]  3.0	[0.3, 0.6, 0.1]  3.0	[0.3, 0.6, 0.1]  3.0		[-2.0, 0.0]	[-4.0, 3.0]	[-4.0, 3.0]
For run 3 fold 3:	[0.3, 0.6, 0.1]  3.0	[0.3, 0.6, 0.1]  3.0	[0.4, 0.4, 0.2]  2.0		[-4.0, 2.0]	[-4.0, 2.0]	[-4.0, 2.0]
For run 3 fold 4:	[0.3, 0.6, 0.1]  2.0	[0.3, 0.6, 0.1]  2.0	[0.3, 0.6, 0.1]  2.0		[-2.0, 0.0]	[-2.0, 0.0]	[-2.0, 0.0]
For run 3 fold 5:	[0.4, 0.4, 0.2]  3.0	[0.4, 0.4, 0.2]  3.0	[0.2, 0.8, 0.0]  2.0		[-4.0, 2.0]	[-4.0, 2.0]	[-4.0, 2.0]


Final results:
Dataset: contraceptive_NL.csv
Dataset with 962 instances and 9 predictive features
		Base		Regular		Wagging		Adaboost	Mixed (opt)	Grad-Mixed (opt)
Accuracy	0.687, 0.017	0.687, 0.017	0.673, 0.019	0.732, 0.014	0.683, 0.021	0.687, 0.022
F1		0.691, 0.017	0.691, 0.017	0.629, 0.080	0.722, 0.016	0.678, 0.046	0.644, 0.078
AUC		0.672, 0.020	0.672, 0.020	0.610, 0.080	0.679, 0.020	0.661, 0.047	0.639, 0.071

Time taken: 5051.842 s