
For run 1 fold 1:	[0.3, 0.6, 0.1]  3.0	[0.3, 0.6, 0.1]  3.0	[0.3, 0.6, 0.1]  3.0		[-2.0, 1.0]	[-2.0, 0.0]	[-2.0, 0.0]
For run 1 fold 2:	[0.2, 0.8, 0.0]  3.0	[0.2, 0.8, 0.0]  3.0	[0.2, 0.8, 0.0]  3.0		[-3.0, 3.0]	[-2.0, 0.0]	[-2.0, 0.0]
For run 1 fold 3:	[0.3, 0.6, 0.1]  3.0	[0.3, 0.6, 0.1]  3.0	[0.3, 0.6, 0.1]  3.0		[-2.0, 0.0]	[-2.0, 0.0]	[-2.0, 0.0]
For run 1 fold 4:	[0.3, 0.6, 0.1]  1.0	[0.4, 0.4, 0.2]  3.0	[0.4, 0.4, 0.2]  3.0		[-2.0, 0.0]	[-2.0, 0.0]	[-2.0, 0.0]
For run 1 fold 5:	[0.2, 0.7, 0.1]  3.0	[0.2, 0.7, 0.1]  3.0	[0.2, 0.7, 0.1]  3.0		[-4.0, 3.0]	[-4.0, 3.0]	[-4.0, 3.0]
For run 2 fold 1:	[0.2, 0.8, 0.0]  3.0	[0.2, 0.8, 0.0]  3.0	[0.2, 0.8, 0.0]  3.0		[-3.0, 1.0]	[-2.0, 0.0]	[-2.0, 0.0]
For run 2 fold 2:	[0.3, 0.7, 0.0]  2.0	[0.3, 0.7, 0.0]  2.0	[0.3, 0.7, 0.0]  2.0		[-2.0, 0.0]	[-2.0, 0.0]	[-2.0, 0.0]
For run 2 fold 3:	[0.2, 0.8, 0.0]  2.0	[0.2, 0.8, 0.0]  2.0	[0.2, 0.8, 0.0]  2.0		[0.0, 0.0]	[0.0, 0.0]	[0.0, 0.0]
For run 2 fold 4:	[0.2, 0.8, 0.0]  3.0	[0.2, 0.8, 0.0]  3.0	[0.2, 0.8, 0.0]  3.0		[-3.0, 1.0]	[-3.0, 1.0]	[-3.0, 1.0]
For run 2 fold 5:	[0.4, 0.4, 0.2]  3.0	[0.4, 0.4, 0.2]  3.0	[0.2, 0.8, 0.0]  3.0		[-4.0, 3.0]	[-4.0, 3.0]	[-4.0, 3.0]
For run 3 fold 1:	[0.3, 0.7, 0.0]  1.0	[0.3, 0.7, 0.0]  1.0	[0.3, 0.7, 0.0]  1.0		[-2.0, 0.0]	[-2.0, 0.0]	[-2.0, 0.0]
For run 3 fold 2:	[0.3, 0.7, 0.0]  3.0	[0.3, 0.7, 0.0]  3.0	[0.3, 0.7, 0.0]  3.0		[-3.0, 1.0]	[-3.0, 1.0]	[-3.0, 1.0]
For run 3 fold 3:	[0.3, 0.7, 0.0]  3.0	[0.3, 0.7, 0.0]  3.0	[0.3, 0.7, 0.0]  3.0		[-2.0, 0.0]	[-2.0, 0.0]	[-2.0, 0.0]
For run 3 fold 4:	[0.2, 0.6, 0.2]  2.0	[0.2, 0.6, 0.2]  2.0	[0.2, 0.6, 0.2]  2.0		[-6.0, 6.0]	[-6.0, 6.0]	[-4.0, 3.0]
For run 3 fold 5:	[0.3, 0.6, 0.1]  3.0	[0.3, 0.6, 0.1]  3.0	[0.3, 0.6, 0.1]  3.0		[-2.0, 0.0]	[-2.0, 0.0]	[-2.0, 0.0]


Final results:
Dataset: contraceptive_NS.csv
Dataset with 1140 instances and 9 predictive features
		Base		Regular		Wagging		Adaboost	Mixed (opt)	Grad-Mixed (opt)
Accuracy	0.552, 0.004	0.587, 0.041	0.613, 0.054	0.682, 0.028	0.563, 0.022	0.589, 0.042
F1		0.411, 0.047	0.531, 0.094	0.592, 0.074	0.681, 0.028	0.572, 0.108	0.509, 0.065
AUC		0.510, 0.026	0.589, 0.063	0.634, 0.044	0.681, 0.029	0.638, 0.041	0.610, 0.052

Time taken: 365.959 s

Siginificance tests:
For Accuracy:
	Base	Reg_bag	Wagging	Boost	Mix_bag	Grad_mix
Base		0.008	0.004	0.000	0.058	0.006
Reg_bag			0.245	0.000	0.053	0.944
Wagging				0.000	0.011	0.119
Adaboost				0.000	0.000
Mix_bag						0.117
For F1:
	Base	Reg_bag	Wagging	Boost	Mix_bag	Grad_mix
Base		0.005	0.001	0.000	0.004	0.012
Reg_bag			0.198	0.000	0.139	0.286
Wagging				0.000	0.975	0.013
Adaboost				0.000	0.000
Mix_bag						0.116
For AUC:
	Base	Reg_bag	Wagging	Boost	Mix_bag	Grad_mix
Base		0.005	0.001	0.000	0.000	0.001
Reg_bag			0.177	0.001	0.101	0.975
Wagging				0.003	0.778	0.060
Adaboost				0.003	0.003
Mix_bag						0.028