
For run 1 fold 1:	[0.3, 0.6, 0.1]  3.0	[0.3, 0.6, 0.1]  3.0	[0.3, 0.6, 0.1]  1.0		[-4.0, 2.0]	[-4.0, 2.0]	[-4.0, 2.0]
For run 1 fold 2:	[0.2, 0.8, 0.0]  3.0	[0.2, 0.8, 0.0]  3.0	[0.2, 0.8, 0.0]  3.0		[-3.0, 1.0]	[-3.0, 1.0]	[-3.0, 1.0]
For run 1 fold 3:	[0.2, 0.8, 0.0]  2.0	[0.2, 0.8, 0.0]  2.0	[0.2, 0.8, 0.0]  2.0		[-2.0, 0.0]	[-2.0, 0.0]	[-2.0, 0.0]
For run 1 fold 4:	[0.0, 1.0, 0.0]  2.0	[0.0, 1.0, 0.0]  2.0	[0.0, 1.0, 0.0]  2.0		[-4.0, 2.0]	[-4.0, 2.0]	[-4.0, 2.0]
For run 1 fold 5:	[0.3, 0.6, 0.1]  3.0	[0.3, 0.6, 0.1]  3.0	[0.3, 0.6, 0.1]  3.0		[-3.0, 1.0]	[-3.0, 1.0]	[-4.0, 4.0]
For run 2 fold 1:	[0.4, 0.4, 0.2]  3.0	[0.4, 0.4, 0.2]  3.0	[0.4, 0.4, 0.2]  3.0		[-4.0, 2.0]	[-3.0, 2.0]	[-4.0, 2.0]
For run 2 fold 2:	[0.3, 0.7, 0.0]  3.0	[0.3, 0.7, 0.0]  3.0	[0.3, 0.7, 0.0]  3.0		[-4.0, 2.0]	[-4.0, 2.0]	[-4.0, 2.0]
For run 2 fold 3:	[0.3, 0.6, 0.1]  3.0	[0.3, 0.6, 0.1]  3.0	[0.3, 0.6, 0.1]  3.0		[-3.0, 4.0]	[-3.0, 4.0]	[-3.0, 4.0]
For run 2 fold 4:	[0.4, 0.4, 0.2]  2.0	[0.4, 0.4, 0.2]  2.0	[0.1, 0.7, 0.2]  2.0		[-3.0, 3.0]	[-3.0, 3.0]	[-3.0, 3.0]
For run 2 fold 5:	[0.4, 0.4, 0.2]  2.0	[0.3, 0.6, 0.1]  3.0	[0.3, 0.6, 0.1]  3.0		[-3.0, 1.0]	[-3.0, 1.0]	[-3.0, 1.0]
For run 3 fold 1:	[0.4, 0.4, 0.2]  3.0	[0.4, 0.4, 0.2]  3.0	[0.4, 0.4, 0.2]  3.0		[-2.0, 0.0]	[-2.0, 0.0]	[-2.0, 0.0]
For run 3 fold 2:	[0.4, 0.4, 0.2]  3.0	[0.4, 0.4, 0.2]  3.0	[0.4, 0.4, 0.2]  3.0		[-4.0, 3.0]	[-4.0, 3.0]	[-4.0, 3.0]
For run 3 fold 3:	[0.0, 0.7, 0.3]  1.0	[0.0, 0.7, 0.3]  1.0	[0.0, 0.7, 0.3]  1.0		[-4.0, 2.0]	[-4.0, 2.0]	[-4.0, 2.0]
For run 3 fold 4:	[0.4, 0.4, 0.2]  2.0	[0.4, 0.4, 0.2]  2.0	[0.4, 0.4, 0.2]  2.0		[-2.0, 1.0]	[-2.0, 1.0]	[-2.0, 1.0]
For run 3 fold 5:	[0.1, 0.8, 0.1]  2.0	[0.1, 0.8, 0.1]  2.0	[0.1, 0.8, 0.1]  2.0		[-4.0, 2.0]	[-4.0, 2.0]	[-2.0, 2.0]


Final results:
Dataset: credit-a.csv
Dataset with 690 instances and 10 predictive features
		Base		Regular		Wagging		Adaboost	Mixed (opt)	Grad-Mixed (opt)
Accuracy	0.855, 0.025	0.855, 0.025	0.855, 0.025	0.848, 0.023	0.855, 0.025	0.855, 0.025
F1		0.855, 0.025	0.855, 0.025	0.855, 0.025	0.848, 0.023	0.855, 0.025	0.855, 0.025
AUC		0.862, 0.024	0.862, 0.024	0.862, 0.024	0.848, 0.023	0.862, 0.024	0.862, 0.024

Time taken: 1446.970 s