
For run 1 fold 1:	[0.4, 0.4, 0.2]  3.0	[0.4, 0.4, 0.2]  3.0	[0.4, 0.4, 0.2]  3.0		[-3.0, 1.0]	[-2.0, 0.0]	[-5.0, 5.0]
For run 1 fold 2:	[0.3, 0.7, 0.0]  3.0	[0.1, 0.7, 0.2]  2.0	[0.1, 0.7, 0.2]  2.0		[-2.0, 2.0]	[-2.0, 2.0]	[-2.0, 2.0]
For run 1 fold 3:	[0.1, 0.7, 0.2]  1.0	[0.1, 0.7, 0.2]  1.0	[0.1, 0.7, 0.2]  1.0		[-4.0, 2.0]	[-4.0, 2.0]	[-4.0, 2.0]
For run 1 fold 4:	[0.3, 0.6, 0.1]  2.0	[0.0, 1.0, 0.0]  3.0	[0.0, 1.0, 0.0]  3.0		[-4.0, 3.0]	[-4.0, 3.0]	[-4.0, 3.0]
For run 1 fold 5:	[0.2, 0.6, 0.2]  3.0	[0.2, 0.6, 0.2]  3.0	[0.2, 0.4, 0.4]  3.0		[-3.0, 1.0]	[-3.0, 1.0]	[-4.0, 4.0]
For run 2 fold 1:	[0.0, 0.8, 0.2]  3.0	[0.0, 0.8, 0.2]  3.0	[0.0, 0.8, 0.2]  3.0		[-3.0, 4.0]	[-3.0, 4.0]	[-3.0, 4.0]
For run 2 fold 2:	[0.3, 0.6, 0.1]  2.0	[0.3, 0.6, 0.1]  2.0	[0.3, 0.6, 0.1]  2.0		[-3.0, 1.0]	[-4.0, 3.0]	[-4.0, 3.0]
For run 2 fold 3:	[0.3, 0.6, 0.1]  1.0	[0.2, 0.8, 0.0]  2.0	[0.2, 0.4, 0.4]  2.0		[-3.0, 2.0]	[-3.0, 2.0]	[-6.0, 6.0]
For run 2 fold 4:	[0.3, 0.7, 0.0]  1.0	[0.3, 0.7, 0.0]  1.0	[0.0, 0.7, 0.3]  2.0		[-3.0, 2.0]	[-3.0, 2.0]	[-1.0, 3.0]
For run 2 fold 5:	[0.2, 0.7, 0.1]  1.0	[0.2, 0.7, 0.1]  1.0	[0.2, 0.4, 0.4]  3.0		[-4.0, 3.0]	[-4.0, 3.0]	[-4.0, 3.0]
For run 3 fold 1:	[0.1, 0.7, 0.2]  3.0	[0.1, 0.7, 0.2]  3.0	[0.1, 0.7, 0.2]  3.0		[-3.0, 1.0]	[-3.0, 1.0]	[-3.0, 1.0]
For run 3 fold 2:	[0.4, 0.4, 0.2]  3.0	[0.4, 0.4, 0.2]  3.0	[0.4, 0.4, 0.2]  3.0		[-5.0, 5.0]	[-5.0, 5.0]	[-5.0, 5.0]
For run 3 fold 3:	[0.4, 0.4, 0.2]  3.0	[0.4, 0.4, 0.2]  3.0	[0.2, 0.4, 0.4]  3.0		[-2.0, 0.0]	[-2.0, 2.0]	[-2.0, 2.0]
For run 3 fold 4:	[0.4, 0.4, 0.2]  3.0	[0.2, 0.8, 0.0]  3.0	[0.2, 0.8, 0.0]  3.0		[-4.0, 3.0]	[-4.0, 3.0]	[-2.0, 3.0]
For run 3 fold 5:	[0.3, 0.6, 0.1]  3.0	[0.3, 0.6, 0.1]  3.0	[0.1, 0.6, 0.3]  2.0		[-4.0, 3.0]	[-4.0, 3.0]	[-4.0, 3.0]


Final results:
Dataset: credit-g.csv
Dataset with 1000 instances and 19 predictive features
		Base		Regular		Wagging		Adaboost	Mixed (opt)	Grad-Mixed (opt)
Accuracy	0.700, 0.000	0.700, 0.000	0.700, 0.000	0.731, 0.027	0.700, 0.000	0.699, 0.005
F1		0.576, 0.000	0.576, 0.000	0.576, 0.000	0.716, 0.025	0.576, 0.000	0.576, 0.000
AUC		0.500, 0.000	0.500, 0.000	0.500, 0.000	0.639, 0.026	0.502, 0.008	0.515, 0.044

Time taken: 711.294 s