
For run 1 fold 1:	[0.2, 0.7, 0.1]  3.0	[0.2, 0.7, 0.1]  3.0	[0.2, 0.7, 0.1]  3.0		[-3.0, 2.0]	[-3.0, 4.0]	[-3.0, 2.0]
For run 1 fold 2:	[0.0, 0.8, 0.2]  3.0	[0.0, 0.8, 0.2]  3.0	[0.4, 0.4, 0.2]  1.0		[0.0, 0.0]	[0.0, 0.0]	[0.0, 0.0]
For run 1 fold 3:	[0.1, 0.7, 0.2]  1.0	[0.1, 0.7, 0.2]  1.0	[0.4, 0.4, 0.2]  2.0		[0.0, 0.0]	[0.0, 0.0]	[0.0, 0.0]
For run 1 fold 4:	[0.2, 0.4, 0.4]  2.0	[0.2, 0.4, 0.4]  2.0	[0.2, 0.4, 0.4]  2.0		[-4.0, 4.0]	[-4.0, 4.0]	[-4.0, 4.0]
For run 1 fold 5:	[0.2, 0.6, 0.2]  3.0	[0.2, 0.6, 0.2]  3.0	[0.2, 0.6, 0.2]  3.0		[-4.0, 3.0]	[-4.0, 3.0]	[-4.0, 3.0]
For run 2 fold 1:	[0.3, 0.7, 0.0]  3.0	[0.3, 0.7, 0.0]  3.0	[0.3, 0.7, 0.0]  3.0		[-3.0, 3.0]	[-3.0, 3.0]	[-3.0, 3.0]
For run 2 fold 2:	[0.0, 0.8, 0.2]  2.0	[0.0, 0.8, 0.2]  2.0	[0.0, 0.8, 0.2]  2.0		[-5.0, 5.0]	[-5.0, 5.0]	[-5.0, 5.0]
For run 2 fold 3:	[0.0, 1.0, 0.0]  2.0	[0.0, 1.0, 0.0]  2.0	[0.0, 1.0, 0.0]  2.0		[-3.0, 1.0]	[-3.0, 1.0]	[-3.0, 1.0]
For run 2 fold 4:	[0.2, 0.8, 0.0]  3.0	[0.2, 0.8, 0.0]  3.0	[0.3, 0.6, 0.1]  2.0		[-2.0, 0.0]	[-2.0, 0.0]	[-2.0, 0.0]
For run 2 fold 5:	[0.2, 0.6, 0.2]  1.0	[0.2, 0.6, 0.2]  1.0	[0.3, 0.6, 0.1]  2.0		[-6.0, 6.0]	[-6.0, 6.0]	[-6.0, 6.0]
For run 3 fold 1:	[0.0, 0.7, 0.3]  3.0	[0.0, 0.7, 0.3]  3.0	[0.0, 0.7, 0.3]  3.0		[-4.0, 2.0]	[-4.0, 2.0]	[-4.0, 2.0]
For run 3 fold 2:	[0.3, 0.6, 0.1]  3.0	[0.3, 0.6, 0.1]  3.0	[0.3, 0.6, 0.1]  3.0		[-2.0, 1.0]	[-2.0, 1.0]	[-2.0, 1.0]
For run 3 fold 3:	[0.2, 0.8, 0.0]  1.0	[0.2, 0.8, 0.0]  1.0	[0.2, 0.8, 0.0]  1.0		[-4.0, 2.0]	[-2.0, 2.0]	[-4.0, 2.0]
For run 3 fold 4:	[0.3, 0.7, 0.0]  1.0	[0.3, 0.7, 0.0]  1.0	[0.3, 0.7, 0.0]  1.0		[-3.0, 1.0]	[-3.0, 1.0]	[-4.0, 2.0]
For run 3 fold 5:	[0.0, 1.0, 0.0]  1.0	[0.0, 1.0, 0.0]  1.0	[0.0, 1.0, 0.0]  1.0		[-2.0, 2.0]	[-2.0, 2.0]	[-2.0, 2.0]


Final results:
Dataset: diabetic_retinopathy.csv
Dataset with 1151 instances and 19 predictive features
		Base		Regular		Wagging		Adaboost	Mixed (opt)	Grad-Mixed (opt)
Accuracy	0.565, 0.020	0.570, 0.018	0.573, 0.023	0.651, 0.031	0.571, 0.025	0.590, 0.046
F1		0.513, 0.026	0.517, 0.023	0.519, 0.035	0.650, 0.031	0.527, 0.038	0.550, 0.081
AUC		0.586, 0.020	0.591, 0.019	0.594, 0.022	0.650, 0.030	0.598, 0.029	0.600, 0.025

Time taken: 2220.964 s

Siginificance tests:
For Accuracy:
	Base	Reg_bag	Wagging	Boost	Mix_bag	Grad_mix
Base		0.168	0.112	0.000	0.285	0.015
Reg_bag			0.533	0.000	0.889	0.051
Wagging				0.000	0.625	0.187
Adaboost				0.000	0.000
Mix_bag						0.078
For F1:
	Base	Reg_bag	Wagging	Boost	Mix_bag	Grad_mix
Base		0.433	0.422	0.000	0.363	0.026
Reg_bag			0.730	0.000	0.510	0.064
Wagging				0.000	0.934	0.229
Adaboost				0.000	0.000
Mix_bag						0.084
For AUC:
	Base	Reg_bag	Wagging	Boost	Mix_bag	Grad_mix
Base		0.084	0.064	0.000	0.073	0.030
Reg_bag			0.594	0.000	0.300	0.252
Wagging				0.000	0.272	0.169
Adaboost				0.000	0.000
Mix_bag						0.454