
For run 1 fold 1:	[0.2, 0.8, 0.0]  3.0	[0.1, 0.7, 0.2]  1.0	[0.1, 0.7, 0.2]  1.0		[-4.0, 2.0]	[-4.0, 2.0]	[-4.0, 3.0]
For run 1 fold 2:	[0.3, 0.6, 0.1]  3.0	[0.2, 0.6, 0.2]  1.0	[0.2, 0.6, 0.2]  1.0		[-4.0, 2.0]	[-4.0, 3.0]	[0.0, 2.0]
For run 1 fold 3:	[0.3, 0.7, 0.0]  3.0	[0.0, 1.0, 0.0]  3.0	[0.0, 1.0, 0.0]  3.0		[-3.0, 1.0]	[-3.0, 1.0]	[-2.0, 4.0]
For run 1 fold 4:	[0.3, 0.6, 0.1]  2.0	[0.3, 0.6, 0.1]  2.0	[0.0, 1.0, 0.0]  2.0		[-4.0, 2.0]	[-4.0, 2.0]	[-1.0, 3.0]
For run 1 fold 5:	[0.4, 0.4, 0.2]  3.0	[0.4, 0.4, 0.2]  3.0	[0.2, 0.6, 0.2]  2.0		[-2.0, 0.0]	[-2.0, 0.0]	[0.0, 0.0]
For run 2 fold 1:	[0.3, 0.7, 0.0]  2.0	[0.3, 0.6, 0.1]  2.0	[0.2, 0.6, 0.2]  2.0		[-3.0, 2.0]	[-3.0, 2.0]	[-3.0, 1.0]
For run 2 fold 2:	[0.3, 0.7, 0.0]  2.0	[0.2, 0.7, 0.1]  3.0	[0.0, 0.7, 0.3]  2.0		[-3.0, 1.0]	[-3.0, 1.0]	[-3.0, 1.0]
For run 2 fold 3:	[0.3, 0.7, 0.0]  3.0	[0.1, 0.8, 0.1]  3.0	[0.1, 0.6, 0.3]  1.0		[-3.0, 2.0]	[-3.0, 2.0]	[-3.0, 4.0]
For run 2 fold 4:	[0.2, 0.8, 0.0]  3.0	[0.2, 0.8, 0.0]  3.0	[0.2, 0.6, 0.2]  2.0		[-3.0, 1.0]	[-3.0, 3.0]	[-3.0, 3.0]
For run 2 fold 5:	[0.3, 0.7, 0.0]  2.0	[0.3, 0.7, 0.0]  2.0	[0.2, 0.7, 0.1]  3.0		[-3.0, 1.0]	[-3.0, 1.0]	[-1.0, 1.0]
For run 3 fold 1:	[0.3, 0.7, 0.0]  3.0	[0.2, 0.8, 0.0]  1.0	[0.2, 0.8, 0.0]  1.0		[-2.0, 0.0]	[-3.0, 1.0]	[-2.0, 1.0]
For run 3 fold 2:	[0.3, 0.6, 0.1]  3.0	[0.3, 0.7, 0.0]  2.0	[0.1, 0.6, 0.3]  1.0		[-2.0, 0.0]	[-5.0, 5.0]	[-5.0, 5.0]
For run 3 fold 3:	[0.2, 0.6, 0.2]  1.0	[0.2, 0.6, 0.2]  1.0	[0.0, 0.7, 0.3]  2.0		[-3.0, 3.0]	[-3.0, 3.0]	[-3.0, 3.0]
For run 3 fold 4:	[0.3, 0.7, 0.0]  1.0	[0.3, 0.7, 0.0]  1.0	[0.2, 0.6, 0.2]  1.0		[-2.0, 0.0]	[-2.0, 0.0]	[0.0, 2.0]
For run 3 fold 5:	[0.2, 0.8, 0.0]  3.0	[0.2, 0.8, 0.0]  3.0	[0.2, 0.8, 0.0]  3.0		[-3.0, 1.0]	[-2.0, 1.0]	[-2.0, 1.0]


Final results:
Dataset: haberman.csv
Dataset with 306 instances and 3 predictive features
		Base		Regular		Wagging		Adaboost	Mixed (opt)	Grad-Mixed (opt)
Accuracy	0.724, 0.034	0.736, 0.030	0.721, 0.038	0.729, 0.051	0.729, 0.039	0.746, 0.041
F1		0.674, 0.049	0.708, 0.044	0.681, 0.045	0.708, 0.053	0.723, 0.040	0.697, 0.037
AUC		0.571, 0.071	0.598, 0.059	0.578, 0.056	0.600, 0.065	0.618, 0.042	0.603, 0.046

Time taken: 715.418 s

Siginificance tests:
For Accuracy:
	Base	Reg_bag	Wagging	Boost	Mix_bag	Grad_mix
Base		0.233	0.833	0.937	0.248	0.005
Reg_bag			0.326	0.309	0.476	0.184
Wagging				1.000	0.205	0.018
Adaboost				0.801	0.801
Mix_bag						0.030
For F1:
	Base	Reg_bag	Wagging	Boost	Mix_bag	Grad_mix
Base		0.075	0.878	0.277	0.017	0.202
Reg_bag			0.182	0.245	0.374	0.142
Wagging				0.330	0.026	0.333
Adaboost				0.151	0.151
Mix_bag						0.013
For AUC:
	Base	Reg_bag	Wagging	Boost	Mix_bag	Grad_mix
Base		0.328	0.799	0.561	0.064	0.182
Reg_bag			0.638	0.396	0.136	0.278
Wagging				0.421	0.066	0.285
Adaboost				0.208	0.208
Mix_bag						0.103