
For run 1 fold 1:	[0.0, 0.7, 0.3]  3.0	[0.0, 0.7, 0.3]  3.0	[0.0, 0.7, 0.3]  3.0		[-2.0, 0.0]	[-2.0, 0.0]	[-2.0, 0.0]
For run 1 fold 2:	[0.4, 0.4, 0.2]  2.0	[0.4, 0.4, 0.2]  2.0	[0.4, 0.4, 0.2]  2.0		[-3.0, 1.0]	[-3.0, 1.0]	[-3.0, 1.0]
For run 1 fold 3:	[0.1, 0.7, 0.2]  1.0	[0.1, 0.6, 0.3]  1.0	[0.1, 0.6, 0.3]  1.0		[-3.0, 2.0]	[-3.0, 2.0]	[-2.0, 0.0]
For run 1 fold 4:	[0.0, 0.7, 0.3]  1.0	[0.0, 0.7, 0.3]  1.0	[0.0, 0.7, 0.3]  1.0		[-4.0, 2.0]	[-4.0, 2.0]	[-4.0, 2.0]
For run 1 fold 5:	[0.4, 0.4, 0.2]  3.0	[0.4, 0.4, 0.2]  3.0	[0.4, 0.4, 0.2]  3.0		[-2.0, 0.0]	[-2.0, 0.0]	[-2.0, 0.0]
For run 2 fold 1:	[0.4, 0.4, 0.2]  1.0	[0.4, 0.4, 0.2]  1.0	[0.4, 0.4, 0.2]  1.0		[-4.0, 3.0]	[-4.0, 3.0]	[-4.0, 3.0]
For run 2 fold 2:	[0.0, 0.8, 0.2]  1.0	[0.0, 0.8, 0.2]  1.0	[0.0, 0.8, 0.2]  1.0		[-2.0, 0.0]	[-2.0, 0.0]	[-2.0, 0.0]
For run 2 fold 3:	[0.2, 0.4, 0.4]  3.0	[0.2, 0.4, 0.4]  3.0	[0.2, 0.4, 0.4]  3.0		[-3.0, 3.0]	[-3.0, 3.0]	[-3.0, 3.0]
For run 2 fold 4:	[0.0, 0.8, 0.2]  1.0	[0.0, 0.8, 0.2]  1.0	[0.0, 0.8, 0.2]  1.0		[0.0, 0.0]	[-3.0, 4.0]	[-3.0, 4.0]
For run 2 fold 5:	[0.4, 0.4, 0.2]  2.0	[0.4, 0.4, 0.2]  2.0	[0.4, 0.4, 0.2]  2.0		[-4.0, 3.0]	[-4.0, 3.0]	[-4.0, 3.0]
For run 3 fold 1:	[0.2, 0.7, 0.1]  1.0	[0.0, 1.0, 0.0]  1.0	[0.0, 1.0, 0.0]  1.0		[-3.0, 2.0]	[-3.0, 2.0]	[-3.0, 2.0]
For run 3 fold 2:	[0.2, 0.7, 0.1]  3.0	[0.2, 0.7, 0.1]  3.0	[0.2, 0.7, 0.1]  3.0		[-3.0, 1.0]	[-3.0, 1.0]	[-3.0, 1.0]
For run 3 fold 3:	[0.2, 0.4, 0.4]  2.0	[0.2, 0.4, 0.4]  2.0	[0.2, 0.4, 0.4]  2.0		[-2.0, 2.0]	[-2.0, 2.0]	[-2.0, 2.0]
For run 3 fold 4:	[0.3, 0.7, 0.0]  3.0	[0.3, 0.7, 0.0]  3.0	[0.3, 0.7, 0.0]  3.0		[-3.0, 1.0]	[-3.0, 1.0]	[-3.0, 1.0]
For run 3 fold 5:	[0.2, 0.8, 0.0]  3.0	[0.2, 0.8, 0.0]  3.0	[0.2, 0.8, 0.0]  3.0		[-6.0, 6.0]	[-6.0, 6.0]	[-6.0, 6.0]


Final results:
Dataset: heart_disease.csv
Dataset with 303 instances and 13 predictive features
		Base		Regular		Wagging		Adaboost	Mixed (opt)	Grad-Mixed (opt)
Accuracy	0.703, 0.041	0.746, 0.073	0.738, 0.070	0.815, 0.032	0.755, 0.058	0.774, 0.086
F1		0.703, 0.041	0.743, 0.073	0.737, 0.070	0.814, 0.032	0.751, 0.074	0.736, 0.065
AUC		0.700, 0.041	0.740, 0.072	0.733, 0.068	0.812, 0.032	0.756, 0.070	0.749, 0.086

Time taken: 367.422 s

Siginificance tests:
For Accuracy:
	Base	Reg_bag	Wagging	Boost	Mix_bag	Grad_mix
Base		0.012	0.018	0.000	0.005	0.005
Reg_bag			0.965	0.004	0.706	0.116
Wagging				0.005	0.346	0.097
Adaboost				0.007	0.007
Mix_bag						0.366
For F1:
	Base	Reg_bag	Wagging	Boost	Mix_bag	Grad_mix
Base		0.012	0.018	0.000	0.008	0.036
Reg_bag			0.929	0.002	0.721	0.859
Wagging				0.002	0.594	0.953
Adaboost				0.012	0.012
Mix_bag						0.386
For AUC:
	Base	Reg_bag	Wagging	Boost	Mix_bag	Grad_mix
Base		0.012	0.018	0.000	0.005	0.018
Reg_bag			0.965	0.002	0.328	0.508
Wagging				0.002	0.110	0.767
Adaboost				0.035	0.035
Mix_bag						0.410