
For run 1 fold 1:	[0.4, 0.4, 0.2]  1.0	[0.4, 0.4, 0.2]  1.0	[0.1, 0.8, 0.1]  2.0		[-2.0, 3.0]	[-2.0, 3.0]	[-2.0, 3.0]
For run 1 fold 2:	[0.1, 0.7, 0.2]  2.0	[0.1, 0.7, 0.2]  2.0	[0.1, 0.7, 0.2]  2.0		[-2.0, 1.0]	[-2.0, 1.0]	[-2.0, 1.0]
For run 1 fold 3:	[0.2, 0.8, 0.0]  3.0	[0.3, 0.7, 0.0]  2.0	[0.3, 0.7, 0.0]  2.0		[-3.0, 3.0]	[-3.0, 3.0]	[-1.0, 3.0]
For run 1 fold 4:	[0.3, 0.7, 0.0]  3.0	[0.2, 0.7, 0.1]  1.0	[0.0, 0.7, 0.3]  1.0		[-1.0, 3.0]	[-1.0, 3.0]	[-4.0, 3.0]
For run 1 fold 5:	[0.2, 0.6, 0.2]  3.0	[0.2, 0.6, 0.2]  3.0	[0.3, 0.6, 0.1]  1.0		[-6.0, 6.0]	[-6.0, 6.0]	[-3.0, 2.0]
For run 2 fold 1:	[0.2, 0.8, 0.0]  3.0	[0.2, 0.8, 0.0]  3.0	[0.2, 0.8, 0.0]  3.0		[-1.0, 3.0]	[-3.0, 2.0]	[-3.0, 2.0]
For run 2 fold 2:	[0.3, 0.7, 0.0]  2.0	[0.3, 0.7, 0.0]  2.0	[0.1, 0.6, 0.3]  1.0		[-6.0, 6.0]	[-6.0, 6.0]	[-2.0, 4.0]
For run 2 fold 3:	[0.3, 0.6, 0.1]  1.0	[0.2, 0.7, 0.1]  3.0	[0.2, 0.8, 0.0]  1.0		[-2.0, 0.0]	[-2.0, 0.0]	[0.0, 2.0]
For run 2 fold 4:	[0.1, 0.8, 0.1]  3.0	[0.1, 0.8, 0.1]  3.0	[0.3, 0.6, 0.1]  3.0		[-6.0, 6.0]	[-6.0, 6.0]	[-1.0, 1.0]
For run 2 fold 5:	[0.2, 0.7, 0.1]  2.0	[0.3, 0.6, 0.1]  3.0	[0.1, 0.7, 0.2]  2.0		[-1.0, 2.0]	[-1.0, 2.0]	[0.0, 2.0]
For run 3 fold 1:	[0.2, 0.6, 0.2]  3.0	[0.2, 0.6, 0.2]  3.0	[0.1, 0.6, 0.3]  2.0		[-2.0, 1.0]	[-2.0, 1.0]	[-1.0, 1.0]
For run 3 fold 2:	[0.1, 0.7, 0.2]  2.0	[0.1, 0.7, 0.2]  2.0	[0.1, 0.7, 0.2]  2.0		[0.0, 0.0]	[0.0, 0.0]	[0.0, 0.0]
For run 3 fold 3:	[0.1, 0.7, 0.2]  2.0	[0.1, 0.7, 0.2]  2.0	[0.1, 0.7, 0.2]  2.0		[-3.0, 3.0]	[-3.0, 3.0]	[-2.0, 4.0]
For run 3 fold 4:	[0.2, 0.6, 0.2]  2.0	[0.2, 0.6, 0.2]  2.0	[0.1, 0.7, 0.2]  1.0		[-1.0, 3.0]	[-1.0, 3.0]	[-1.0, 3.0]
For run 3 fold 5:	[0.3, 0.6, 0.1]  2.0	[0.3, 0.6, 0.1]  2.0	[0.2, 0.6, 0.2]  1.0		[-2.0, 3.0]	[-2.0, 3.0]	[-2.0, 3.0]


Final results:
Dataset: hepatitis.csv
Dataset with 155 instances and 19 predictive features
		Base		Regular		Wagging		Adaboost	Mixed (opt)	Grad-Mixed (opt)
Accuracy	0.774, 0.068	0.806, 0.066	0.811, 0.062	0.841, 0.072	0.785, 0.065	0.800, 0.068
F1		0.750, 0.055	0.781, 0.067	0.784, 0.068	0.832, 0.072	0.790, 0.063	0.784, 0.066
AUC		0.585, 0.064	0.623, 0.082	0.628, 0.095	0.722, 0.117	0.610, 0.092	0.675, 0.111

Time taken: 3177.016 s

Siginificance tests:
For Accuracy:
	Base	Reg_bag	Wagging	Boost	Mix_bag	Grad_mix
Base		0.030	0.168	0.011	0.798	0.066
Reg_bag			0.798	0.171	0.116	0.905
Wagging				0.223	0.125	0.513
Adaboost				0.023	0.023
Mix_bag						0.143
For F1:
	Base	Reg_bag	Wagging	Boost	Mix_bag	Grad_mix
Base		0.041	0.116	0.002	0.041	0.010
Reg_bag			0.875	0.075	0.463	0.638
Wagging				0.101	0.730	0.807
Adaboost				0.109	0.109
Mix_bag						0.875
For AUC:
	Base	Reg_bag	Wagging	Boost	Mix_bag	Grad_mix
Base		0.050	0.069	0.000	0.068	0.002
Reg_bag			0.695	0.028	0.656	0.046
Wagging				0.064	0.666	0.124
Adaboost				0.004	0.004
Mix_bag						0.028