
For run 1 fold 1:	[0.3, 0.6, 0.1]  1.0	[0.3, 0.6, 0.1]  1.0	[0.3, 0.6, 0.1]  1.0		[-2.0, 0.0]	[-2.0, 0.0]	[-6.0, 6.0]
For run 1 fold 2:	[0.1, 0.7, 0.2]  3.0	[0.1, 0.7, 0.2]  3.0	[0.1, 0.7, 0.2]  3.0		[-2.0, 3.0]	[-2.0, 3.0]	[-2.0, 3.0]
For run 1 fold 3:	[0.3, 0.7, 0.0]  2.0	[0.3, 0.7, 0.0]  2.0	[0.3, 0.7, 0.0]  2.0		[-5.0, 5.0]	[-5.0, 5.0]	[-3.0, 3.0]
For run 1 fold 4:	[0.2, 0.4, 0.4]  2.0	[0.2, 0.4, 0.4]  2.0	[0.2, 0.4, 0.4]  2.0		[-3.0, 3.0]	[-3.0, 3.0]	[-3.0, 4.0]
For run 1 fold 5:	[0.3, 0.7, 0.0]  2.0	[0.3, 0.7, 0.0]  2.0	[0.2, 0.7, 0.1]  1.0		[-5.0, 5.0]	[-5.0, 5.0]	[-4.0, 4.0]
For run 2 fold 1:	[0.2, 0.8, 0.0]  2.0	[0.2, 0.8, 0.0]  2.0	[0.2, 0.8, 0.0]  2.0		[-2.0, 4.0]	[-2.0, 4.0]	[-2.0, 4.0]
For run 2 fold 2:	[0.1, 0.8, 0.1]  1.0	[0.1, 0.8, 0.1]  1.0	[0.1, 0.8, 0.1]  1.0		[-2.0, 1.0]	[-2.0, 1.0]	[-5.0, 5.0]
For run 2 fold 3:	[0.2, 0.8, 0.0]  2.0	[0.2, 0.8, 0.0]  2.0	[0.2, 0.8, 0.0]  2.0		[-5.0, 5.0]	[-5.0, 5.0]	[-5.0, 5.0]
For run 2 fold 4:	[0.3, 0.6, 0.1]  2.0	[0.3, 0.6, 0.1]  2.0	[0.1, 0.6, 0.3]  3.0		[-2.0, 4.0]	[-2.0, 4.0]	[-5.0, 5.0]
For run 2 fold 5:	[0.1, 0.7, 0.2]  2.0	[0.1, 0.7, 0.2]  2.0	[0.1, 0.7, 0.2]  2.0		[0.0, 0.0]	[0.0, 0.0]	[0.0, 0.0]
For run 3 fold 1:	[0.1, 0.8, 0.1]  3.0	[0.1, 0.8, 0.1]  3.0	[0.4, 0.4, 0.2]  3.0		[-6.0, 6.0]	[-6.0, 6.0]	[-2.0, 2.0]
For run 3 fold 2:	[0.1, 0.6, 0.3]  3.0	[0.1, 0.6, 0.3]  3.0	[0.1, 0.6, 0.3]  3.0		[-2.0, 2.0]	[-2.0, 2.0]	[-2.0, 2.0]
For run 3 fold 3:	[0.2, 0.6, 0.2]  1.0	[0.2, 0.6, 0.2]  1.0	[0.2, 0.6, 0.2]  1.0		[-3.0, 2.0]	[-3.0, 2.0]	[-3.0, 2.0]
For run 3 fold 4:	[0.2, 0.4, 0.4]  3.0	[0.2, 0.4, 0.4]  3.0	[0.2, 0.4, 0.4]  3.0		[-3.0, 3.0]	[-1.0, 1.0]	[-1.0, 1.0]
For run 3 fold 5:	[0.0, 1.0, 0.0]  1.0	[0.0, 1.0, 0.0]  1.0	[0.2, 0.7, 0.1]  1.0		[-3.0, 1.0]	[-3.0, 1.0]	[-3.0, 1.0]


Final results:
Dataset: horse_colic.csv
Dataset with 368 instances and 18 predictive features
		Base		Regular		Wagging		Adaboost	Mixed (opt)	Grad-Mixed (opt)
Accuracy	0.815, 0.044	0.815, 0.044	0.815, 0.044	0.812, 0.045	0.815, 0.044	0.815, 0.044
F1		0.817, 0.044	0.817, 0.044	0.817, 0.044	0.812, 0.045	0.817, 0.044	0.817, 0.044
AUC		0.814, 0.049	0.814, 0.049	0.814, 0.049	0.799, 0.048	0.814, 0.049	0.814, 0.049

Time taken: 303.281 s