
For run 1 fold 1:	[0.3, 0.6, 0.1]  2.0	[0.3, 0.6, 0.1]  2.0	[0.1, 0.6, 0.3]  3.0		[-1.0, 2.0]	[-1.0, 2.0]	[-1.0, 3.0]
For run 1 fold 2:	[0.2, 0.7, 0.1]  3.0	[0.2, 0.7, 0.1]  3.0	[0.2, 0.7, 0.1]  3.0		[-4.0, 4.0]	[-4.0, 4.0]	[-2.0, 4.0]
For run 1 fold 3:	[0.3, 0.6, 0.1]  3.0	[0.3, 0.6, 0.1]  3.0	[0.3, 0.6, 0.1]  3.0		[-1.0, 3.0]	[-1.0, 3.0]	[-1.0, 3.0]
For run 1 fold 4:	[0.0, 0.8, 0.2]  3.0	[0.0, 0.8, 0.2]  3.0	[0.0, 0.8, 0.2]  3.0		[-3.0, 1.0]	[-3.0, 1.0]	[-4.0, 4.0]
For run 1 fold 5:	[0.2, 0.6, 0.2]  2.0	[0.0, 0.8, 0.2]  1.0	[0.0, 0.8, 0.2]  1.0		[-6.0, 6.0]	[-6.0, 6.0]	[-6.0, 6.0]
For run 2 fold 1:	[0.2, 0.4, 0.4]  1.0	[0.2, 0.4, 0.4]  1.0	[0.1, 0.8, 0.1]  1.0		[-3.0, 1.0]	[-3.0, 1.0]	[-3.0, 1.0]
For run 2 fold 2:	[0.2, 0.6, 0.2]  2.0	[0.2, 0.6, 0.2]  2.0	[0.2, 0.6, 0.2]  2.0		[-4.0, 2.0]	[-4.0, 2.0]	[-1.0, 3.0]
For run 2 fold 3:	[0.2, 0.7, 0.1]  1.0	[0.2, 0.7, 0.1]  1.0	[0.0, 1.0, 0.0]  2.0		[-3.0, 1.0]	[-3.0, 1.0]	[-3.0, 1.0]
For run 2 fold 4:	[0.4, 0.4, 0.2]  2.0	[0.4, 0.4, 0.2]  2.0	[0.4, 0.4, 0.2]  2.0		[-2.0, 4.0]	[-2.0, 4.0]	[-2.0, 4.0]
For run 2 fold 5:	[0.2, 0.7, 0.1]  3.0	[0.2, 0.7, 0.1]  3.0	[0.2, 0.7, 0.1]  3.0		[-6.0, 6.0]	[-6.0, 6.0]	[-4.0, 4.0]
For run 3 fold 1:	[0.1, 0.6, 0.3]  1.0	[0.1, 0.6, 0.3]  1.0	[0.1, 0.6, 0.3]  1.0		[-4.0, 2.0]	[-4.0, 2.0]	[-4.0, 2.0]
For run 3 fold 2:	[0.2, 0.8, 0.0]  1.0	[0.2, 0.8, 0.0]  1.0	[0.2, 0.8, 0.0]  1.0		[-4.0, 4.0]	[-1.0, 3.0]	[-1.0, 3.0]
For run 3 fold 3:	[0.4, 0.4, 0.2]  1.0	[0.3, 0.7, 0.0]  1.0	[0.3, 0.7, 0.0]  1.0		[-3.0, 1.0]	[-3.0, 1.0]	[-3.0, 1.0]
For run 3 fold 4:	[0.0, 1.0, 0.0]  3.0	[0.0, 1.0, 0.0]  3.0	[0.0, 1.0, 0.0]  3.0		[-4.0, 2.0]	[-3.0, 4.0]	[-3.0, 4.0]
For run 3 fold 5:	[0.0, 0.8, 0.2]  3.0	[0.0, 0.8, 0.2]  3.0	[0.1, 0.7, 0.2]  1.0		[-4.0, 2.0]	[-4.0, 2.0]	[-6.0, 6.0]


Final results:
Dataset: indian_liver_patients.csv
Dataset with 583 instances and 10 predictive features
		Base		Regular		Wagging		Adaboost	Mixed (opt)	Grad-Mixed (opt)
Accuracy	0.714, 0.004	0.714, 0.004	0.714, 0.004	0.703, 0.038	0.713, 0.004	0.714, 0.004
F1		0.594, 0.005	0.594, 0.005	0.594, 0.005	0.679, 0.033	0.594, 0.005	0.594, 0.005
AUC		0.500, 0.000	0.500, 0.000	0.500, 0.000	0.589, 0.035	0.500, 0.000	0.500, 0.000

Time taken: 4218.395 s