
For run 1 fold 1:	[0.4, 0.4, 0.2]  2.0	[0.4, 0.4, 0.2]  2.0	[0.1, 0.7, 0.2]  1.0		[-1.0, 1.0]	[-1.0, 1.0]	[-3.0, 3.0]
For run 1 fold 2:	[0.2, 0.6, 0.2]  2.0	[0.2, 0.6, 0.2]  2.0	[0.3, 0.6, 0.1]  3.0		[-4.0, 2.0]	[-4.0, 2.0]	[-6.0, 6.0]
For run 1 fold 3:	[0.1, 0.8, 0.1]  3.0	[0.1, 0.8, 0.1]  3.0	[0.2, 0.4, 0.4]  1.0		[-5.0, 5.0]	[-5.0, 5.0]	[-5.0, 5.0]
For run 1 fold 4:	[0.4, 0.4, 0.2]  3.0	[0.4, 0.4, 0.2]  3.0	[0.4, 0.4, 0.2]  3.0		[-2.0, 0.0]	[-2.0, 0.0]	[-2.0, 0.0]
For run 1 fold 5:	[0.2, 0.8, 0.0]  2.0	[0.0, 1.0, 0.0]  2.0	[0.4, 0.4, 0.2]  3.0		[-4.0, 2.0]	[-4.0, 2.0]	[-4.0, 2.0]
For run 2 fold 1:	[0.1, 0.6, 0.3]  1.0	[0.1, 0.6, 0.3]  1.0	[0.1, 0.6, 0.3]  1.0		[-4.0, 4.0]	[-4.0, 4.0]	[0.0, 2.0]
For run 2 fold 2:	[0.1, 0.6, 0.3]  1.0	[0.1, 0.6, 0.3]  1.0	[0.2, 0.4, 0.4]  2.0		[-3.0, 1.0]	[-3.0, 1.0]	[-3.0, 1.0]
For run 2 fold 3:	[0.4, 0.4, 0.2]  1.0	[0.4, 0.4, 0.2]  1.0	[0.4, 0.4, 0.2]  1.0		[-6.0, 6.0]	[-6.0, 6.0]	[-2.0, 3.0]
For run 2 fold 4:	[0.2, 0.8, 0.0]  1.0	[0.2, 0.8, 0.0]  1.0	[0.2, 0.8, 0.0]  1.0		[-3.0, 1.0]	[-3.0, 1.0]	[-3.0, 1.0]
For run 2 fold 5:	[0.3, 0.6, 0.1]  1.0	[0.3, 0.6, 0.1]  1.0	[0.4, 0.4, 0.2]  2.0		[-4.0, 3.0]	[-4.0, 3.0]	[-4.0, 3.0]
For run 3 fold 1:	[0.3, 0.7, 0.0]  3.0	[0.3, 0.7, 0.0]  3.0	[0.1, 0.7, 0.2]  2.0		[-2.0, 1.0]	[-2.0, 1.0]	[-6.0, 6.0]
For run 3 fold 2:	[0.2, 0.7, 0.1]  3.0	[0.2, 0.7, 0.1]  3.0	[0.1, 0.7, 0.2]  1.0		[-1.0, 1.0]	[-1.0, 1.0]	[-1.0, 1.0]
For run 3 fold 3:	[0.3, 0.7, 0.0]  1.0	[0.3, 0.7, 0.0]  1.0	[0.2, 0.6, 0.2]  3.0		[-4.0, 2.0]	[-4.0, 2.0]	[-4.0, 2.0]
For run 3 fold 4:	[0.2, 0.8, 0.0]  2.0	[0.2, 0.8, 0.0]  2.0	[0.0, 0.7, 0.3]  1.0		[-3.0, 3.0]	[-3.0, 3.0]	[0.0, 2.0]
For run 3 fold 5:	[0.2, 0.8, 0.0]  3.0	[0.2, 0.8, 0.0]  3.0	[0.1, 0.7, 0.2]  1.0		[-2.0, 0.0]	[-2.0, 0.0]	[-4.0, 3.0]


Final results:
Dataset: internet_ad_cfs.csv
Dataset with 3279 instances and 24 predictive features
		Base		Regular		Wagging		Adaboost	Mixed (opt)	Grad-Mixed (opt)
Accuracy	0.909, 0.006	0.908, 0.007	0.902, 0.011	0.951, 0.007	0.902, 0.011	0.901, 0.009
F1		0.895, 0.007	0.893, 0.011	0.882, 0.020	0.948, 0.009	0.891, 0.014	0.893, 0.011
AUC		0.703, 0.018	0.697, 0.029	0.669, 0.049	0.852, 0.034	0.697, 0.037	0.690, 0.038

Time taken: 3780.774 s

Siginificance tests:
For Accuracy:
	Base	Reg_bag	Wagging	Boost	Mix_bag	Grad_mix
Base		0.496	0.059	0.000	0.016	0.038
Reg_bag			0.207	0.000	0.106	0.050
Wagging				0.000	0.722	0.734
Adaboost				0.000	0.000
Mix_bag						0.625
For F1:
	Base	Reg_bag	Wagging	Boost	Mix_bag	Grad_mix
Base		0.735	0.110	0.000	0.500	0.386
Reg_bag			0.173	0.000	0.953	0.937
Wagging				0.000	0.182	0.084
Adaboost				0.000	0.000
Mix_bag						1.000
For AUC:
	Base	Reg_bag	Wagging	Boost	Mix_bag	Grad_mix
Base		1.000	0.041	0.000	0.859	0.263
Reg_bag			0.173	0.000	0.953	0.499
Wagging				0.000	0.069	0.161
Adaboost				0.000	0.000
Mix_bag						0.508