
For run 1 fold 1:	[0.3, 0.6, 0.1]  1.0	[0.3, 0.6, 0.1]  1.0	[0.3, 0.6, 0.1]  1.0		[-3.0, 4.0]	[-3.0, 4.0]	[0.0, 2.0]
For run 1 fold 2:	[0.0, 0.8, 0.2]  3.0	[0.0, 0.8, 0.2]  3.0	[0.0, 0.8, 0.2]  3.0		[-4.0, 3.0]	[-4.0, 3.0]	[-4.0, 3.0]
For run 1 fold 3:	[0.0, 1.0, 0.0]  3.0	[0.0, 1.0, 0.0]  3.0	[0.2, 0.4, 0.4]  1.0		[-5.0, 5.0]	[-5.0, 5.0]	[-5.0, 5.0]
For run 1 fold 4:	[0.2, 0.8, 0.0]  3.0	[0.2, 0.8, 0.0]  3.0	[0.2, 0.7, 0.1]  3.0		[-2.0, 0.0]	[-2.0, 0.0]	[0.0, 2.0]
For run 1 fold 5:	[0.2, 0.8, 0.0]  3.0	[0.2, 0.8, 0.0]  3.0	[0.2, 0.8, 0.0]  3.0		[-4.0, 2.0]	[-4.0, 2.0]	[-4.0, 2.0]
For run 2 fold 1:	[0.2, 0.8, 0.0]  3.0	[0.2, 0.8, 0.0]  3.0	[0.2, 0.8, 0.0]  3.0		[-3.0, 1.0]	[-3.0, 1.0]	[-3.0, 2.0]
For run 2 fold 2:	[0.0, 0.8, 0.2]  1.0	[0.1, 0.8, 0.1]  1.0	[0.1, 0.8, 0.1]  1.0		[-2.0, 4.0]	[0.0, 0.0]	[0.0, 0.0]
For run 2 fold 3:	[0.1, 0.7, 0.2]  2.0	[0.1, 0.7, 0.2]  2.0	[0.0, 0.7, 0.3]  2.0		[-4.0, 3.0]	[-4.0, 3.0]	[-3.0, 4.0]
For run 2 fold 4:	[0.2, 0.7, 0.1]  1.0	[0.2, 0.7, 0.1]  1.0	[0.2, 0.7, 0.1]  1.0		[-5.0, 5.0]	[-5.0, 5.0]	[-2.0, 0.0]
For run 2 fold 5:	[0.3, 0.7, 0.0]  1.0	[0.3, 0.7, 0.0]  1.0	[0.3, 0.7, 0.0]  1.0		[-4.0, 4.0]	[-4.0, 4.0]	[0.0, 0.0]
For run 3 fold 1:	[0.4, 0.4, 0.2]  2.0	[0.4, 0.4, 0.2]  2.0	[0.4, 0.4, 0.2]  2.0		[-4.0, 2.0]	[-4.0, 2.0]	[-4.0, 2.0]
For run 3 fold 2:	[0.0, 1.0, 0.0]  2.0	[0.0, 1.0, 0.0]  2.0	[0.0, 1.0, 0.0]  2.0		[0.0, 0.0]	[0.0, 0.0]	[0.0, 0.0]
For run 3 fold 3:	[0.3, 0.7, 0.0]  3.0	[0.3, 0.7, 0.0]  3.0	[0.2, 0.4, 0.4]  1.0		[-4.0, 4.0]	[-6.0, 6.0]	[-6.0, 6.0]
For run 3 fold 4:	[0.1, 0.6, 0.3]  2.0	[0.1, 0.6, 0.3]  2.0	[0.1, 0.6, 0.3]  2.0		[-4.0, 2.0]	[-3.0, 1.0]	[-2.0, 4.0]
For run 3 fold 5:	[0.0, 0.7, 0.3]  1.0	[0.0, 0.7, 0.3]  1.0	[0.0, 0.7, 0.3]  1.0		[-4.0, 2.0]	[-4.0, 2.0]	[-3.0, 3.0]


Final results:
Dataset: ionosphere.csv
Dataset with 351 instances and 34 predictive features
		Base		Regular		Wagging		Adaboost	Mixed (opt)	Grad-Mixed (opt)
Accuracy	0.817, 0.027	0.817, 0.020	0.810, 0.031	0.909, 0.029	0.823, 0.024	0.809, 0.032
F1		0.798, 0.037	0.798, 0.026	0.792, 0.034	0.908, 0.030	0.807, 0.026	0.800, 0.035
AUC		0.751, 0.039	0.749, 0.028	0.743, 0.035	0.891, 0.038	0.749, 0.036	0.741, 0.030

Time taken: 2731.427 s

Siginificance tests:
For Accuracy:
	Base	Reg_bag	Wagging	Boost	Mix_bag	Grad_mix
Base		0.833	0.612	0.000	0.373	0.610
Reg_bag			0.683	0.000	0.327	0.574
Wagging				0.000	0.212	0.734
Adaboost				0.001	0.001
Mix_bag						0.113
For F1:
	Base	Reg_bag	Wagging	Boost	Mix_bag	Grad_mix
Base		1.000	0.575	0.000	0.508	0.575
Reg_bag			0.646	0.000	0.102	0.799
Wagging				0.000	0.237	0.677
Adaboost				0.000	0.000
Mix_bag						0.553
For AUC:
	Base	Reg_bag	Wagging	Boost	Mix_bag	Grad_mix
Base		0.889	0.575	0.000	0.789	0.345
Reg_bag			0.575	0.000	0.959	0.310
Wagging				0.000	0.432	0.344
Adaboost				0.000	0.000
Mix_bag						0.373