
For run 1 fold 1:	[0.1, 0.6, 0.3]  3.0	[0.1, 0.6, 0.3]  3.0	[0.1, 0.6, 0.3]  3.0		[-2.0, 4.0]	[-2.0, 4.0]	[0.0, 2.0]
For run 1 fold 2:	[0.1, 0.8, 0.1]  2.0	[0.1, 0.8, 0.1]  2.0	[0.1, 0.8, 0.1]  2.0		[-1.0, 3.0]	[-1.0, 3.0]	[-1.0, 3.0]
For run 1 fold 3:	[0.4, 0.4, 0.2]  3.0	[0.4, 0.4, 0.2]  3.0	[0.4, 0.4, 0.2]  3.0		[-4.0, 3.0]	[-4.0, 3.0]	[-4.0, 3.0]
For run 1 fold 4:	[0.0, 1.0, 0.0]  1.0	[0.0, 0.7, 0.3]  2.0	[0.0, 0.7, 0.3]  2.0		[-1.0, 2.0]	[-1.0, 2.0]	[-1.0, 2.0]
For run 1 fold 5:	[0.0, 0.8, 0.2]  2.0	[0.0, 0.8, 0.2]  2.0	[0.0, 0.8, 0.2]  2.0		[-1.0, 2.0]	[-1.0, 2.0]	[-1.0, 2.0]
For run 2 fold 1:	[0.0, 0.7, 0.3]  1.0	[0.0, 0.7, 0.3]  1.0	[0.0, 0.7, 0.3]  1.0		[-2.0, 2.0]	[-2.0, 2.0]	[-2.0, 2.0]
For run 2 fold 2:	[0.1, 0.7, 0.2]  3.0	[0.1, 0.7, 0.2]  3.0	[0.1, 0.7, 0.2]  3.0		[-2.0, 2.0]	[-2.0, 2.0]	[-2.0, 2.0]
For run 2 fold 3:	[0.2, 0.4, 0.4]  3.0	[0.2, 0.4, 0.4]  3.0	[0.2, 0.4, 0.4]  3.0		[-6.0, 6.0]	[-6.0, 6.0]	[-6.0, 6.0]
For run 2 fold 4:	[0.2, 0.6, 0.2]  1.0	[0.2, 0.6, 0.2]  1.0	[0.2, 0.6, 0.2]  1.0		[-5.0, 5.0]	[-5.0, 5.0]	[-5.0, 5.0]
For run 2 fold 5:	[0.1, 0.7, 0.2]  2.0	[0.1, 0.7, 0.2]  2.0	[0.1, 0.8, 0.1]  1.0		[-4.0, 3.0]	[-4.0, 3.0]	[-4.0, 3.0]
For run 3 fold 1:	[0.2, 0.7, 0.1]  1.0	[0.2, 0.7, 0.1]  1.0	[0.2, 0.7, 0.1]  1.0		[-4.0, 4.0]	[-4.0, 4.0]	[-4.0, 4.0]
For run 3 fold 2:	[0.0, 0.7, 0.3]  3.0	[0.0, 0.7, 0.3]  3.0	[0.0, 0.7, 0.3]  3.0		[-4.0, 4.0]	[-4.0, 4.0]	[-4.0, 4.0]
For run 3 fold 3:	[0.3, 0.7, 0.0]  3.0	[0.3, 0.7, 0.0]  3.0	[0.3, 0.7, 0.0]  3.0		[-1.0, 3.0]	[-1.0, 3.0]	[-1.0, 3.0]
For run 3 fold 4:	[0.4, 0.4, 0.2]  1.0	[0.4, 0.4, 0.2]  1.0	[0.4, 0.4, 0.2]  1.0		[-3.0, 2.0]	[-3.0, 2.0]	[-3.0, 2.0]
For run 3 fold 5:	[0.0, 1.0, 0.0]  2.0	[0.0, 1.0, 0.0]  2.0	[0.0, 1.0, 0.0]  2.0		[-2.0, 0.0]	[-2.0, 0.0]	[-2.0, 0.0]


Final results:
Dataset: kr-vs-kp.csv
Dataset with 3196 instances and 36 predictive features
		Base		Regular		Wagging		Adaboost	Mixed (opt)	Grad-Mixed (opt)
Accuracy	0.661, 0.011	0.661, 0.011	0.661, 0.011	0.949, 0.008	0.661, 0.011	0.661, 0.011
F1		0.623, 0.015	0.623, 0.015	0.623, 0.015	0.949, 0.008	0.623, 0.015	0.623, 0.015
AUC		0.675, 0.010	0.675, 0.010	0.675, 0.010	0.949, 0.008	0.675, 0.010	0.675, 0.010

Time taken: 3656.601 s