
For run 1 fold 1:	[0.3, 0.7, 0.0]  3.0	[0.3, 0.7, 0.0]  3.0	[0.3, 0.7, 0.0]  3.0		[-2.0, 0.0]	[-2.0, 0.0]	[-2.0, 0.0]
For run 1 fold 2:	[0.3, 0.6, 0.1]  3.0	[0.3, 0.6, 0.1]  3.0	[0.3, 0.6, 0.1]  3.0		[-2.0, 0.0]	[-2.0, 0.0]	[-2.0, 0.0]
For run 1 fold 3:	[0.3, 0.7, 0.0]  1.0	[0.3, 0.7, 0.0]  1.0	[0.3, 0.7, 0.0]  1.0		[-2.0, 0.0]	[-2.0, 0.0]	[-2.0, 0.0]
For run 1 fold 4:	[0.3, 0.7, 0.0]  3.0	[0.3, 0.7, 0.0]  3.0	[0.3, 0.7, 0.0]  3.0		[-4.0, 2.0]	[-4.0, 2.0]	[-4.0, 2.0]
For run 1 fold 5:	[0.3, 0.7, 0.0]  2.0	[0.3, 0.7, 0.0]  2.0	[0.3, 0.7, 0.0]  2.0		[-2.0, 0.0]	[-2.0, 0.0]	[-2.0, 0.0]
For run 2 fold 1:	[0.3, 0.7, 0.0]  2.0	[0.3, 0.7, 0.0]  2.0	[0.3, 0.7, 0.0]  2.0		[-3.0, 1.0]	[-3.0, 1.0]	[-3.0, 1.0]
For run 2 fold 2:	[0.3, 0.7, 0.0]  2.0	[0.3, 0.7, 0.0]  2.0	[0.3, 0.7, 0.0]  2.0		[-4.0, 2.0]	[-4.0, 2.0]	[-4.0, 2.0]
For run 2 fold 3:	[0.2, 0.8, 0.0]  3.0	[0.2, 0.8, 0.0]  3.0	[0.2, 0.8, 0.0]  3.0		[-4.0, 2.0]	[-4.0, 2.0]	[-4.0, 2.0]
For run 2 fold 4:	[0.3, 0.6, 0.1]  3.0	[0.3, 0.6, 0.1]  3.0	[0.3, 0.6, 0.1]  3.0		[-2.0, 0.0]	[-2.0, 0.0]	[-2.0, 0.0]
For run 2 fold 5:	[0.3, 0.7, 0.0]  3.0	[0.3, 0.7, 0.0]  3.0	[0.3, 0.7, 0.0]  3.0		[-2.0, 0.0]	[-2.0, 0.0]	[-2.0, 0.0]
For run 3 fold 1:	[0.4, 0.4, 0.2]  3.0	[0.4, 0.4, 0.2]  3.0	[0.4, 0.4, 0.2]  3.0		[-2.0, 0.0]	[-2.0, 0.0]	[-2.0, 0.0]
For run 3 fold 2:	[0.3, 0.6, 0.1]  1.0	[0.3, 0.6, 0.1]  1.0	[0.3, 0.6, 0.1]  1.0		[-2.0, 0.0]	[-2.0, 0.0]	[-2.0, 0.0]
For run 3 fold 3:	[0.3, 0.7, 0.0]  3.0	[0.3, 0.7, 0.0]  3.0	[0.3, 0.7, 0.0]  3.0		[-3.0, 1.0]	[-3.0, 1.0]	[-3.0, 1.0]
For run 3 fold 4:	[0.3, 0.7, 0.0]  2.0	[0.3, 0.7, 0.0]  2.0	[0.3, 0.7, 0.0]  2.0		[-2.0, 0.0]	[-2.0, 0.0]	[-2.0, 0.0]
For run 3 fold 5:	[0.3, 0.7, 0.0]  2.0	[0.3, 0.7, 0.0]  2.0	[0.3, 0.7, 0.0]  2.0		[-3.0, 1.0]	[-3.0, 1.0]	[-3.0, 1.0]


Final results:
Dataset: mammographic_mass.csv
Dataset with 961 instances and 12 predictive features
		Base		Regular		Wagging		Adaboost	Mixed (opt)	Grad-Mixed (opt)
Accuracy	0.819, 0.015	0.819, 0.015	0.819, 0.015	0.828, 0.014	0.819, 0.015	0.819, 0.015
F1		0.816, 0.016	0.816, 0.016	0.816, 0.016	0.828, 0.014	0.816, 0.016	0.816, 0.016
AUC		0.811, 0.016	0.811, 0.016	0.811, 0.016	0.825, 0.014	0.811, 0.016	0.811, 0.016

Time taken: 316.076 s