
For run 1 fold 1:	[0.2, 0.4, 0.4]  1.0	[0.2, 0.4, 0.4]  1.0	[0.0, 0.7, 0.3]  2.0		[0.0, 2.0]	[0.0, 2.0]	[0.0, 2.0]
For run 1 fold 2:	[0.0, 0.8, 0.2]  2.0	[0.0, 0.8, 0.2]  2.0	[0.0, 0.8, 0.2]  2.0		[0.0, 2.0]	[0.0, 2.0]	[0.0, 2.0]
For run 1 fold 3:	[0.0, 0.7, 0.3]  2.0	[0.0, 0.7, 0.3]  2.0	[0.0, 0.7, 0.3]  2.0		[-1.0, 2.0]	[-1.0, 3.0]	[-1.0, 3.0]
For run 1 fold 4:	[0.0, 0.8, 0.2]  1.0	[0.0, 0.7, 0.3]  2.0	[0.0, 0.7, 0.3]  2.0		[0.0, 2.0]	[0.0, 2.0]	[0.0, 2.0]
For run 1 fold 5:	[0.0, 0.8, 0.2]  2.0	[0.1, 0.6, 0.3]  1.0	[0.1, 0.6, 0.3]  1.0		[0.0, 2.0]	[0.0, 2.0]	[0.0, 2.0]
For run 2 fold 1:	[0.2, 0.4, 0.4]  2.0	[0.2, 0.4, 0.4]  2.0	[0.2, 0.4, 0.4]  2.0		[0.0, 2.0]	[0.0, 2.0]	[0.0, 2.0]
For run 2 fold 2:	[0.0, 1.0, 0.0]  1.0	[0.0, 1.0, 0.0]  1.0	[0.0, 1.0, 0.0]  1.0		[0.0, 2.0]	[0.0, 2.0]	[0.0, 2.0]
For run 2 fold 3:	[0.0, 1.0, 0.0]  2.0	[0.0, 1.0, 0.0]  2.0	[0.0, 0.7, 0.3]  3.0		[-2.0, 3.0]	[-1.0, 3.0]	[-1.0, 3.0]
For run 2 fold 4:	[0.0, 0.8, 0.2]  2.0	[0.0, 0.8, 0.2]  2.0	[0.0, 0.8, 0.2]  2.0		[0.0, 2.0]	[0.0, 2.0]	[0.0, 2.0]
For run 2 fold 5:	[0.0, 0.7, 0.3]  1.0	[0.0, 0.7, 0.3]  1.0	[0.0, 0.7, 0.3]  1.0		[0.0, 2.0]	[0.0, 2.0]	[0.0, 2.0]
For run 3 fold 1:	[0.0, 0.8, 0.2]  2.0	[0.0, 0.8, 0.2]  2.0	[0.0, 0.8, 0.2]  2.0		[0.0, 2.0]	[0.0, 2.0]	[0.0, 2.0]
For run 3 fold 2:	[0.1, 0.6, 0.3]  2.0	[0.1, 0.6, 0.3]  2.0	[0.1, 0.6, 0.3]  2.0		[0.0, 2.0]	[0.0, 2.0]	[0.0, 2.0]
For run 3 fold 3:	[0.0, 0.8, 0.2]  2.0	[0.0, 0.8, 0.2]  2.0	[0.0, 0.8, 0.2]  2.0		[-1.0, 3.0]	[-1.0, 3.0]	[-1.0, 3.0]
For run 3 fold 4:	[0.0, 0.7, 0.3]  2.0	[0.0, 0.7, 0.3]  2.0	[0.0, 0.7, 0.3]  2.0		[0.0, 2.0]	[0.0, 2.0]	[0.0, 2.0]
For run 3 fold 5:	[0.0, 0.7, 0.3]  1.0	[0.0, 0.7, 0.3]  1.0	[0.0, 0.7, 0.3]  1.0		[0.0, 2.0]	[0.0, 2.0]	[0.0, 2.0]


Final results:
Dataset: monks_prob_2.csv
Dataset with 432 instances and 15 predictive features
		Base		Regular		Wagging		Adaboost	Mixed (opt)	Grad-Mixed (opt)
Accuracy	0.671, 0.004	0.671, 0.004	0.671, 0.004	0.611, 0.047	0.671, 0.004	0.664, 0.020
F1		0.539, 0.005	0.539, 0.005	0.539, 0.005	0.509, 0.025	0.539, 0.005	0.539, 0.005
AUC		0.500, 0.000	0.500, 0.000	0.500, 0.000	0.455, 0.035	0.500, 0.000	0.500, 0.004

Time taken: 224.430 s