
For run 1 fold 1:	[0.1, 0.8, 0.1]  3.0	[0.4, 0.4, 0.2]  3.0	[0.4, 0.4, 0.2]  3.0		[-5.0, 5.0]	[-5.0, 5.0]	[-5.0, 5.0]
For run 1 fold 2:	[0.4, 0.4, 0.2]  2.0	[0.4, 0.4, 0.2]  2.0	[0.4, 0.4, 0.2]  2.0		[-2.0, 1.0]	[-2.0, 1.0]	[-2.0, 1.0]
For run 1 fold 3:	[0.3, 0.6, 0.1]  2.0	[0.3, 0.6, 0.1]  2.0	[0.3, 0.6, 0.1]  2.0		[-4.0, 4.0]	[-4.0, 4.0]	[-4.0, 4.0]
For run 1 fold 4:	[0.4, 0.4, 0.2]  3.0	[0.4, 0.4, 0.2]  3.0	[0.4, 0.4, 0.2]  3.0		[-2.0, 0.0]	[-2.0, 0.0]	[-2.0, 0.0]
For run 1 fold 5:	[0.2, 0.7, 0.1]  2.0	[0.2, 0.7, 0.1]  2.0	[0.3, 0.6, 0.1]  2.0		[-4.0, 2.0]	[-4.0, 2.0]	[-4.0, 2.0]
For run 2 fold 1:	[0.2, 0.7, 0.1]  3.0	[0.2, 0.7, 0.1]  3.0	[0.2, 0.7, 0.1]  3.0		[-3.0, 1.0]	[-3.0, 1.0]	[-3.0, 1.0]
For run 2 fold 2:	[0.2, 0.6, 0.2]  1.0	[0.2, 0.6, 0.2]  1.0	[0.2, 0.6, 0.2]  1.0		[-5.0, 5.0]	[-5.0, 5.0]	[-2.0, 0.0]
For run 2 fold 3:	[0.3, 0.7, 0.0]  1.0	[0.3, 0.7, 0.0]  1.0	[0.2, 0.8, 0.0]  2.0		[-3.0, 1.0]	[-3.0, 1.0]	[-3.0, 1.0]
For run 2 fold 4:	[0.3, 0.7, 0.0]  3.0	[0.3, 0.7, 0.0]  3.0	[0.3, 0.7, 0.0]  3.0		[-2.0, 0.0]	[-2.0, 0.0]	[-2.0, 0.0]
For run 2 fold 5:	[0.2, 0.8, 0.0]  3.0	[0.2, 0.8, 0.0]  3.0	[0.4, 0.4, 0.2]  3.0		[-2.0, 0.0]	[-2.0, 0.0]	[-2.0, 0.0]
For run 3 fold 1:	[0.2, 0.6, 0.2]  2.0	[0.2, 0.6, 0.2]  2.0	[0.3, 0.6, 0.1]  3.0		[-2.0, 0.0]	[-2.0, 0.0]	[-2.0, 0.0]
For run 3 fold 2:	[0.4, 0.4, 0.2]  3.0	[0.4, 0.4, 0.2]  3.0	[0.4, 0.4, 0.2]  3.0		[-2.0, 0.0]	[-2.0, 0.0]	[-2.0, 0.0]
For run 3 fold 3:	[0.4, 0.4, 0.2]  3.0	[0.4, 0.4, 0.2]  3.0	[0.4, 0.4, 0.2]  3.0		[-4.0, 2.0]	[-4.0, 2.0]	[-4.0, 2.0]
For run 3 fold 4:	[0.2, 0.7, 0.1]  3.0	[0.2, 0.7, 0.1]  3.0	[0.2, 0.7, 0.1]  3.0		[-4.0, 2.0]	[-4.0, 2.0]	[-4.0, 2.0]
For run 3 fold 5:	[0.4, 0.4, 0.2]  3.0	[0.4, 0.4, 0.2]  3.0	[0.4, 0.4, 0.2]  3.0		[-2.0, 0.0]	[-2.0, 0.0]	[-2.0, 0.0]


Final results:
Dataset: phishing.csv
Dataset with 2456 instances and 30 predictive features
		Base		Regular		Wagging		Adaboost	Mixed (opt)	Grad-Mixed (opt)
Accuracy	0.868, 0.015	0.874, 0.018	0.872, 0.023	0.923, 0.014	0.881, 0.018	0.880, 0.020
F1		0.868, 0.015	0.874, 0.018	0.872, 0.023	0.923, 0.014	0.867, 0.012	0.883, 0.023
AUC		0.874, 0.012	0.878, 0.015	0.878, 0.020	0.924, 0.014	0.880, 0.013	0.879, 0.016

Time taken: 776.501 s

Siginificance tests:
For Accuracy:
	Base	Reg_bag	Wagging	Boost	Mix_bag	Grad_mix
Base		0.180	0.285	0.000	0.068	0.043
Reg_bag			0.786	0.000	0.285	0.144
Wagging				0.000	0.352	0.141
Adaboost				0.000	0.000
Mix_bag						1.000
For F1:
	Base	Reg_bag	Wagging	Boost	Mix_bag	Grad_mix
Base		0.180	0.285	0.000	0.715	0.028
Reg_bag			0.686	0.000	0.249	0.080
Wagging				0.000	0.465	0.043
Adaboost				0.000	0.000
Mix_bag						0.050
For AUC:
	Base	Reg_bag	Wagging	Boost	Mix_bag	Grad_mix
Base		0.180	0.285	0.000	0.144	0.109
Reg_bag			0.893	0.000	0.686	0.465
Wagging				0.000	0.600	0.753
Adaboost				0.000	0.000
Mix_bag						0.893