
For run 1 fold 1:	[0.2, 0.7, 0.1]  2.0	[0.2, 0.7, 0.1]  2.0	[0.2, 0.7, 0.1]  2.0		[-2.0, 3.0]	[-2.0, 3.0]	[-2.0, 3.0]
For run 1 fold 2:	[0.3, 0.6, 0.1]  3.0	[0.3, 0.6, 0.1]  3.0	[0.3, 0.6, 0.1]  3.0		[-5.0, 5.0]	[-5.0, 5.0]	[-5.0, 5.0]
For run 1 fold 3:	[0.2, 0.7, 0.1]  1.0	[0.2, 0.7, 0.1]  1.0	[0.2, 0.4, 0.4]  2.0		[-3.0, 3.0]	[-3.0, 3.0]	[-3.0, 3.0]
For run 1 fold 4:	[0.3, 0.7, 0.0]  2.0	[0.3, 0.7, 0.0]  2.0	[0.3, 0.7, 0.0]  2.0		[-3.0, 1.0]	[-3.0, 1.0]	[-3.0, 1.0]
For run 1 fold 5:	[0.1, 0.8, 0.1]  1.0	[0.1, 0.8, 0.1]  1.0	[0.1, 0.8, 0.1]  1.0		[-2.0, 2.0]	[-2.0, 2.0]	[-2.0, 2.0]
For run 2 fold 1:	[0.2, 0.8, 0.0]  1.0	[0.2, 0.8, 0.0]  1.0	[0.2, 0.8, 0.0]  1.0		[-3.0, 1.0]	[-3.0, 1.0]	[-3.0, 1.0]
For run 2 fold 2:	[0.2, 0.7, 0.1]  2.0	[0.2, 0.7, 0.1]  2.0	[0.2, 0.7, 0.1]  2.0		[-5.0, 5.0]	[-5.0, 5.0]	[-2.0, 0.0]
For run 2 fold 3:	[0.2, 0.8, 0.0]  2.0	[0.2, 0.8, 0.0]  2.0	[0.0, 0.8, 0.2]  1.0		[-2.0, 1.0]	[-2.0, 1.0]	[-2.0, 1.0]
For run 2 fold 4:	[0.3, 0.6, 0.1]  1.0	[0.0, 1.0, 0.0]  1.0	[0.0, 1.0, 0.0]  1.0		[-4.0, 2.0]	[-4.0, 2.0]	[-4.0, 3.0]
For run 2 fold 5:	[0.3, 0.7, 0.0]  2.0	[0.3, 0.7, 0.0]  2.0	[0.0, 1.0, 0.0]  1.0		[-4.0, 3.0]	[-4.0, 3.0]	[-4.0, 3.0]
For run 3 fold 1:	[0.2, 0.8, 0.0]  3.0	[0.1, 0.8, 0.1]  3.0	[0.1, 0.8, 0.1]  3.0		[0.0, 0.0]	[0.0, 0.0]	[0.0, 0.0]
For run 3 fold 2:	[0.3, 0.7, 0.0]  1.0	[0.3, 0.7, 0.0]  1.0	[0.3, 0.7, 0.0]  1.0		[-2.0, 0.0]	[-2.0, 0.0]	[-2.0, 0.0]
For run 3 fold 3:	[0.3, 0.6, 0.1]  3.0	[0.3, 0.6, 0.1]  3.0	[0.4, 0.4, 0.2]  2.0		[-2.0, 0.0]	[-2.0, 2.0]	[-2.0, 2.0]
For run 3 fold 4:	[0.1, 0.8, 0.1]  3.0	[0.0, 1.0, 0.0]  3.0	[0.0, 1.0, 0.0]  3.0		[-2.0, 0.0]	[-2.0, 0.0]	[-2.0, 0.0]
For run 3 fold 5:	[0.0, 1.0, 0.0]  3.0	[0.0, 1.0, 0.0]  3.0	[0.3, 0.6, 0.1]  1.0		[-2.0, 0.0]	[-2.0, 0.0]	[-2.0, 0.0]


Final results:
Dataset: pima_indians_diabetes.csv
Dataset with 768 instances and 8 predictive features
		Base		Regular		Wagging		Adaboost	Mixed (opt)	Grad-Mixed (opt)
Accuracy	0.719, 0.035	0.720, 0.039	0.729, 0.033	0.748, 0.031	0.730, 0.036	0.734, 0.038
F1		0.713, 0.028	0.713, 0.034	0.721, 0.029	0.742, 0.031	0.720, 0.036	0.733, 0.026
AUC		0.680, 0.031	0.677, 0.032	0.684, 0.029	0.704, 0.033	0.675, 0.025	0.675, 0.018

Time taken: 368.606 s

Siginificance tests:
For Accuracy:
	Base	Reg_bag	Wagging	Boost	Mix_bag	Grad_mix
Base		0.482	0.005	0.010	0.045	0.008
Reg_bag			0.054	0.006	0.069	0.025
Wagging				0.059	0.783	0.310
Adaboost				0.080	0.080
Mix_bag						0.530
For F1:
	Base	Reg_bag	Wagging	Boost	Mix_bag	Grad_mix
Base		0.878	0.272	0.004	0.441	0.002
Reg_bag			0.245	0.001	0.583	0.007
Wagging				0.055	0.847	0.035
Adaboost				0.030	0.030
Mix_bag						0.055
For AUC:
	Base	Reg_bag	Wagging	Boost	Mix_bag	Grad_mix
Base		0.959	0.754	0.035	0.463	0.382
Reg_bag			0.490	0.004	0.878	0.424
Wagging				0.107	0.221	0.397
Adaboost				0.004	0.004
Mix_bag						0.861