
For run 1 fold 1:	[0.0, 1.0, 0.0]  3.0	[0.0, 1.0, 0.0]  3.0	[0.0, 1.0, 0.0]  3.0		[-4.0, 2.0]	[-5.0, 5.0]	[0.0, 2.0]
For run 1 fold 2:	[0.3, 0.6, 0.1]  3.0	[0.0, 0.8, 0.2]  1.0	[0.0, 0.8, 0.2]  1.0		[-3.0, 1.0]	[-2.0, 4.0]	[0.0, 2.0]
For run 1 fold 3:	[0.4, 0.4, 0.2]  3.0	[0.1, 0.8, 0.1]  1.0	[0.0, 0.8, 0.2]  3.0		[-5.0, 5.0]	[-2.0, 3.0]	[-1.0, 2.0]
For run 1 fold 4:	[0.3, 0.6, 0.1]  3.0	[0.2, 0.7, 0.1]  1.0	[0.1, 0.7, 0.2]  2.0		[-4.0, 4.0]	[-2.0, 2.0]	[-2.0, 2.0]
For run 1 fold 5:	[0.4, 0.4, 0.2]  2.0	[0.0, 0.8, 0.2]  3.0	[0.0, 0.8, 0.2]  3.0		[-3.0, 1.0]	[0.0, 2.0]	[0.0, 2.0]
For run 2 fold 1:	[0.4, 0.4, 0.2]  3.0	[0.0, 1.0, 0.0]  3.0	[0.0, 0.7, 0.3]  2.0		[-4.0, 2.0]	[-1.0, 3.0]	[-1.0, 3.0]
For run 2 fold 2:	[0.4, 0.4, 0.2]  2.0	[0.0, 0.8, 0.2]  2.0	[0.0, 0.8, 0.2]  2.0		[-4.0, 4.0]	[-4.0, 4.0]	[-1.0, 3.0]
For run 2 fold 3:	[0.3, 0.7, 0.0]  3.0	[0.1, 0.8, 0.1]  2.0	[0.0, 0.8, 0.2]  2.0		[-4.0, 2.0]	[-3.0, 4.0]	[0.0, 2.0]
For run 2 fold 4:	[0.2, 0.8, 0.0]  3.0	[0.0, 0.7, 0.3]  3.0	[0.0, 0.7, 0.3]  3.0		[-2.0, 0.0]	[-1.0, 3.0]	[-1.0, 3.0]
For run 2 fold 5:	[0.4, 0.4, 0.2]  3.0	[0.2, 0.6, 0.2]  2.0	[0.0, 0.8, 0.2]  3.0		[-3.0, 1.0]	[-1.0, 2.0]	[-1.0, 2.0]
For run 3 fold 1:	[0.4, 0.4, 0.2]  3.0	[0.1, 0.6, 0.3]  2.0	[0.0, 0.8, 0.2]  2.0		[-4.0, 2.0]	[-3.0, 3.0]	[0.0, 2.0]
For run 3 fold 2:	[0.4, 0.4, 0.2]  3.0	[0.0, 0.7, 0.3]  2.0	[0.0, 0.7, 0.3]  2.0		[-4.0, 3.0]	[-2.0, 4.0]	[0.0, 0.0]
For run 3 fold 3:	[0.4, 0.4, 0.2]  2.0	[0.4, 0.4, 0.2]  2.0	[0.0, 0.8, 0.2]  3.0		[-2.0, 0.0]	[-5.0, 5.0]	[-1.0, 3.0]
For run 3 fold 4:	[0.3, 0.7, 0.0]  3.0	[0.3, 0.6, 0.1]  3.0	[0.1, 0.6, 0.3]  2.0		[-2.0, 0.0]	[-3.0, 4.0]	[-1.0, 3.0]
For run 3 fold 5:	[0.3, 0.7, 0.0]  3.0	[0.0, 0.8, 0.2]  3.0	[0.0, 0.8, 0.2]  3.0		[-2.0, 0.0]	[-1.0, 3.0]	[-1.0, 3.0]


Final results:
Dataset: seismic-bumps.csv
Dataset with 2584 instances and 18 predictive features
		Base		Regular		Wagging		Adaboost	Mixed (opt)	Grad-Mixed (opt)
Accuracy	0.934, 0.000	0.934, 0.000	0.934, 0.000	0.932, 0.003	0.934, 0.000	0.934, 0.000
F1		0.902, 0.000	0.902, 0.000	0.902, 0.000	0.903, 0.003	0.902, 0.000	0.902, 0.000
AUC		0.500, 0.000	0.500, 0.000	0.500, 0.000	0.504, 0.010	0.500, 0.000	0.500, 0.000

Time taken: 1214.700 s