
For run 1 fold 1:	[0.0, 0.7, 0.3]  2.0	[0.0, 0.7, 0.3]  2.0	[0.0, 0.7, 0.3]  2.0		[-3.0, 4.0]	[-3.0, 4.0]	[-3.0, 4.0]
For run 1 fold 2:	[0.0, 0.7, 0.3]  2.0	[0.0, 0.7, 0.3]  2.0	[0.0, 0.7, 0.3]  2.0		[-3.0, 3.0]	[-2.0, 3.0]	[-2.0, 3.0]
For run 1 fold 3:	[0.0, 1.0, 0.0]  1.0	[0.0, 1.0, 0.0]  1.0	[0.0, 1.0, 0.0]  1.0		[-2.0, 4.0]	[-2.0, 4.0]	[-2.0, 4.0]
For run 1 fold 4:	[0.2, 0.6, 0.2]  2.0	[0.2, 0.6, 0.2]  2.0	[0.2, 0.6, 0.2]  2.0		[-4.0, 4.0]	[-4.0, 4.0]	[-4.0, 4.0]
For run 1 fold 5:	[0.0, 0.8, 0.2]  3.0	[0.0, 0.8, 0.2]  3.0	[0.0, 0.8, 0.2]  2.0		[-1.0, 3.0]	[-1.0, 3.0]	[-1.0, 3.0]
For run 2 fold 1:	[0.2, 0.6, 0.2]  3.0	[0.2, 0.6, 0.2]  3.0	[0.2, 0.6, 0.2]  3.0		[-1.0, 3.0]	[-1.0, 3.0]	[-1.0, 3.0]
For run 2 fold 2:	[0.0, 1.0, 0.0]  2.0	[0.0, 1.0, 0.0]  2.0	[0.0, 1.0, 0.0]  2.0		[-2.0, 2.0]	[-2.0, 2.0]	[-2.0, 2.0]
For run 2 fold 3:	[0.1, 0.6, 0.3]  2.0	[0.1, 0.6, 0.3]  2.0	[0.1, 0.6, 0.3]  2.0		[-4.0, 4.0]	[-4.0, 4.0]	[-4.0, 4.0]
For run 2 fold 4:	[0.2, 0.7, 0.1]  2.0	[0.2, 0.7, 0.1]  2.0	[0.2, 0.7, 0.1]  2.0		[-1.0, 3.0]	[-1.0, 3.0]	[-1.0, 3.0]
For run 2 fold 5:	[0.0, 0.8, 0.2]  2.0	[0.0, 0.8, 0.2]  2.0	[0.0, 0.8, 0.2]  2.0		[-2.0, 2.0]	[-2.0, 2.0]	[-2.0, 1.0]
For run 3 fold 1:	[0.0, 0.8, 0.2]  2.0	[0.0, 0.8, 0.2]  2.0	[0.0, 0.8, 0.2]  2.0		[0.0, 2.0]	[0.0, 2.0]	[0.0, 2.0]
For run 3 fold 2:	[0.2, 0.4, 0.4]  3.0	[0.2, 0.4, 0.4]  3.0	[0.2, 0.4, 0.4]  3.0		[-1.0, 1.0]	[-1.0, 1.0]	[-1.0, 3.0]
For run 3 fold 3:	[0.0, 1.0, 0.0]  3.0	[0.0, 1.0, 0.0]  3.0	[0.0, 1.0, 0.0]  3.0		[-4.0, 2.0]	[-4.0, 2.0]	[-4.0, 2.0]
For run 3 fold 4:	[0.1, 0.6, 0.3]  2.0	[0.1, 0.6, 0.3]  2.0	[0.1, 0.6, 0.3]  2.0		[0.0, 2.0]	[0.0, 2.0]	[-1.0, 3.0]
For run 3 fold 5:	[0.0, 0.8, 0.2]  2.0	[0.0, 0.8, 0.2]  2.0	[0.0, 0.8, 0.2]  2.0		[-2.0, 0.0]	[-2.0, 0.0]	[-2.0, 0.0]


Final results:
Dataset: sonar.csv
Dataset with 208 instances and 60 predictive features
		Base		Regular		Wagging		Adaboost	Mixed (opt)	Grad-Mixed (opt)
Accuracy	0.720, 0.063	0.725, 0.066	0.737, 0.079	0.771, 0.064	0.731, 0.067	0.723, 0.070
F1		0.717, 0.064	0.722, 0.066	0.734, 0.080	0.769, 0.064	0.724, 0.060	0.714, 0.058
AUC		0.715, 0.065	0.720, 0.066	0.732, 0.080	0.768, 0.063	0.725, 0.065	0.729, 0.074

Time taken: 2846.903 s

Siginificance tests:
For Accuracy:
	Base	Reg_bag	Wagging	Boost	Mix_bag	Grad_mix
Base		0.824	0.125	0.036	0.400	0.443
Reg_bag			0.284	0.041	0.462	0.720
Wagging				0.195	0.783	0.483
Adaboost				0.096	0.096
Mix_bag						0.313
For F1:
	Base	Reg_bag	Wagging	Boost	Mix_bag	Grad_mix
Base		0.695	0.091	0.048	0.213	0.779
Reg_bag			0.182	0.030	0.875	0.530
Wagging				0.121	0.480	0.109
Adaboost				0.064	0.064
Mix_bag						0.209
For AUC:
	Base	Reg_bag	Wagging	Boost	Mix_bag	Grad_mix
Base		0.814	0.109	0.035	0.195	0.172
Reg_bag			0.170	0.030	0.444	0.367
Wagging				0.107	0.382	0.534
Adaboost				0.109	0.109
Mix_bag						0.759