
For run 1 fold 1:	[0.0, 0.8, 0.2]  3.0	[0.0, 0.8, 0.2]  3.0	[0.4, 0.4, 0.2]  3.0		[-2.0, 2.0]	[-2.0, 2.0]	[-2.0, 2.0]
For run 1 fold 2:	[0.2, 0.7, 0.1]  1.0	[0.2, 0.7, 0.1]  1.0	[0.1, 0.7, 0.2]  1.0		[-1.0, 1.0]	[-1.0, 1.0]	[-1.0, 2.0]
For run 1 fold 3:	[0.0, 1.0, 0.0]  3.0	[0.0, 1.0, 0.0]  3.0	[0.0, 1.0, 0.0]  3.0		[-5.0, 5.0]	[-1.0, 1.0]	[-1.0, 1.0]
For run 1 fold 4:	[0.2, 0.8, 0.0]  1.0	[0.1, 0.8, 0.1]  3.0	[0.1, 0.8, 0.1]  3.0		[-5.0, 5.0]	[-5.0, 5.0]	[-3.0, 1.0]
For run 1 fold 5:	[0.0, 1.0, 0.0]  2.0	[0.0, 1.0, 0.0]  2.0	[0.2, 0.8, 0.0]  1.0		[-2.0, 3.0]	[-2.0, 3.0]	[-1.0, 1.0]
For run 2 fold 1:	[0.2, 0.7, 0.1]  3.0	[0.2, 0.7, 0.1]  3.0	[0.2, 0.7, 0.1]  3.0		[-4.0, 4.0]	[-4.0, 4.0]	[-3.0, 2.0]
For run 2 fold 2:	[0.2, 0.7, 0.1]  3.0	[0.2, 0.7, 0.1]  3.0	[0.1, 0.8, 0.1]  2.0		[-2.0, 2.0]	[-2.0, 2.0]	[-2.0, 1.0]
For run 2 fold 3:	[0.1, 0.7, 0.2]  3.0	[0.1, 0.8, 0.1]  1.0	[0.1, 0.8, 0.1]  1.0		[-2.0, 1.0]	[-2.0, 2.0]	[-4.0, 3.0]
For run 2 fold 4:	[0.3, 0.6, 0.1]  2.0	[0.3, 0.6, 0.1]  2.0	[0.3, 0.6, 0.1]  2.0		[-1.0, 3.0]	[-1.0, 3.0]	[-1.0, 3.0]
For run 2 fold 5:	[0.1, 0.7, 0.2]  2.0	[0.1, 0.7, 0.2]  2.0	[0.1, 0.7, 0.2]  2.0		[-1.0, 1.0]	[-1.0, 1.0]	[-1.0, 1.0]
For run 3 fold 1:	[0.0, 1.0, 0.0]  3.0	[0.0, 1.0, 0.0]  3.0	[0.0, 1.0, 0.0]  2.0		[-3.0, 2.0]	[-3.0, 2.0]	[-3.0, 1.0]
For run 3 fold 2:	[0.0, 0.8, 0.2]  1.0	[0.0, 0.8, 0.2]  1.0	[0.1, 0.6, 0.3]  3.0		[-2.0, 2.0]	[-2.0, 2.0]	[-1.0, 2.0]
For run 3 fold 3:	[0.1, 0.6, 0.3]  2.0	[0.1, 0.6, 0.3]  2.0	[0.1, 0.6, 0.3]  2.0		[-4.0, 3.0]	[-2.0, 4.0]	[-3.0, 2.0]
For run 3 fold 4:	[0.0, 0.8, 0.2]  1.0	[0.2, 0.8, 0.0]  2.0	[0.1, 0.8, 0.1]  2.0		[-2.0, 4.0]	[-2.0, 4.0]	[-2.0, 4.0]
For run 3 fold 5:	[0.2, 0.4, 0.4]  1.0	[0.2, 0.4, 0.4]  1.0	[0.2, 0.4, 0.4]  1.0		[-4.0, 3.0]	[-4.0, 3.0]	[-4.0, 3.0]


Final results:
Dataset: spect_heart.csv
Dataset with 267 instances and 22 predictive features
		Base		Regular		Wagging		Adaboost	Mixed (opt)	Grad-Mixed (opt)
Accuracy	0.794, 0.002	0.794, 0.002	0.794, 0.002	0.824, 0.038	0.794, 0.002	0.794, 0.002
F1		0.703, 0.003	0.703, 0.003	0.703, 0.003	0.818, 0.036	0.703, 0.003	0.703, 0.003
AUC		0.500, 0.000	0.500, 0.000	0.500, 0.000	0.703, 0.053	0.500, 0.000	0.500, 0.000

Time taken: 3010.798 s