
For run 1 fold 1:	[0.2, 0.7, 0.1]  1.0	[0.2, 0.7, 0.1]  1.0	[0.2, 0.7, 0.1]  1.0		[-1.0, 3.0]	[-1.0, 3.0]	[-1.0, 3.0]
For run 1 fold 2:	[0.2, 0.8, 0.0]  3.0	[0.2, 0.8, 0.0]  3.0	[0.2, 0.8, 0.0]  3.0		[-2.0, 3.0]	[-2.0, 3.0]	[-2.0, 3.0]
For run 1 fold 3:	[0.1, 0.6, 0.3]  3.0	[0.1, 0.6, 0.3]  3.0	[0.1, 0.6, 0.3]  3.0		[-2.0, 4.0]	[-2.0, 4.0]	[-2.0, 4.0]
For run 1 fold 4:	[0.1, 0.6, 0.3]  2.0	[0.1, 0.6, 0.3]  2.0	[0.1, 0.6, 0.3]  2.0		[-1.0, 2.0]	[-1.0, 2.0]	[-1.0, 2.0]
For run 1 fold 5:	[0.0, 0.7, 0.3]  1.0	[0.0, 0.7, 0.3]  1.0	[0.0, 0.7, 0.3]  1.0		[0.0, 2.0]	[0.0, 2.0]	[0.0, 2.0]
For run 2 fold 1:	[0.0, 0.7, 0.3]  2.0	[0.0, 0.7, 0.3]  2.0	[0.0, 0.7, 0.3]  2.0		[-1.0, 3.0]	[-1.0, 3.0]	[-1.0, 3.0]
For run 2 fold 2:	[0.1, 0.6, 0.3]  3.0	[0.1, 0.6, 0.3]  3.0	[0.1, 0.6, 0.3]  3.0		[-1.0, 3.0]	[-1.0, 3.0]	[-4.0, 2.0]
For run 2 fold 3:	[0.1, 0.8, 0.1]  2.0	[0.1, 0.8, 0.1]  2.0	[0.1, 0.8, 0.1]  2.0		[-1.0, 3.0]	[-1.0, 3.0]	[-1.0, 3.0]
For run 2 fold 4:	[0.1, 0.8, 0.1]  3.0	[0.1, 0.8, 0.1]  3.0	[0.1, 0.8, 0.1]  3.0		[-3.0, 4.0]	[-3.0, 4.0]	[-3.0, 4.0]
For run 2 fold 5:	[0.2, 0.4, 0.4]  3.0	[0.2, 0.4, 0.4]  3.0	[0.2, 0.4, 0.4]  3.0		[-3.0, 3.0]	[0.0, 2.0]	[-3.0, 3.0]
For run 3 fold 1:	[0.0, 0.8, 0.2]  1.0	[0.0, 0.8, 0.2]  1.0	[0.0, 0.8, 0.2]  1.0		[-2.0, 1.0]	[-2.0, 1.0]	[-2.0, 1.0]
For run 3 fold 2:	[0.1, 0.6, 0.3]  3.0	[0.1, 0.6, 0.3]  3.0	[0.1, 0.6, 0.3]  3.0		[-2.0, 3.0]	[-2.0, 3.0]	[-2.0, 3.0]
For run 3 fold 3:	[0.2, 0.4, 0.4]  1.0	[0.2, 0.4, 0.4]  1.0	[0.2, 0.4, 0.4]  1.0		[0.0, 2.0]	[0.0, 2.0]	[0.0, 2.0]
For run 3 fold 4:	[0.0, 0.7, 0.3]  1.0	[0.0, 0.7, 0.3]  1.0	[0.0, 0.7, 0.3]  1.0		[-4.0, 4.0]	[-4.0, 4.0]	[-4.0, 4.0]
For run 3 fold 5:	[0.0, 0.7, 0.3]  3.0	[0.0, 0.7, 0.3]  3.0	[0.0, 0.7, 0.3]  3.0		[-5.0, 5.0]	[-5.0, 5.0]	[-5.0, 5.0]


Final results:
Dataset: teaching_assistant_MH.csv
Dataset with 102 instances and 3 predictive features
		Base		Regular		Wagging		Adaboost	Mixed (opt)	Grad-Mixed (opt)
Accuracy	0.540, 0.060	0.573, 0.076	0.550, 0.071	0.598, 0.109	0.556, 0.074	0.583, 0.101
F1		0.469, 0.106	0.516, 0.110	0.479, 0.117	0.589, 0.112	0.527, 0.108	0.554, 0.089
AUC		0.547, 0.056	0.581, 0.069	0.557, 0.067	0.601, 0.109	0.576, 0.065	0.563, 0.071

Time taken: 123.082 s

Siginificance tests:
For Accuracy:
	Base	Reg_bag	Wagging	Boost	Mix_bag	Grad_mix
Base		0.102	0.231	0.046	0.201	0.063
Reg_bag			0.553	0.415	0.385	0.859
Wagging				0.091	0.786	0.505
Adaboost				0.168	0.168
Mix_bag						0.373
For F1:
	Base	Reg_bag	Wagging	Boost	Mix_bag	Grad_mix
Base		0.169	0.594	0.002	0.028	0.004
Reg_bag			0.350	0.048	0.695	0.213
Wagging				0.005	0.139	0.023
Adaboost				0.101	0.101
Mix_bag						0.169
For AUC:
	Base	Reg_bag	Wagging	Boost	Mix_bag	Grad_mix
Base		0.102	0.172	0.090	0.092	0.058
Reg_bag			0.593	0.529	0.726	0.306
Wagging				0.169	0.346	0.677
Adaboost				0.294	0.294
Mix_bag						0.449