
For run 1 fold 1:	[0.2, 0.6, 0.2]  1.0	[0.2, 0.6, 0.2]  1.0	[0.2, 0.6, 0.2]  1.0		[-4.0, 2.0]	[-4.0, 2.0]	[-4.0, 2.0]
For run 1 fold 2:	[0.3, 0.7, 0.0]  1.0	[0.3, 0.7, 0.0]  1.0	[0.3, 0.7, 0.0]  1.0		[-1.0, 1.0]	[-3.0, 4.0]	[-1.0, 1.0]
For run 1 fold 3:	[0.3, 0.6, 0.1]  1.0	[0.3, 0.6, 0.1]  1.0	[0.3, 0.6, 0.1]  1.0		[-3.0, 1.0]	[-3.0, 1.0]	[-3.0, 1.0]
For run 1 fold 4:	[0.4, 0.4, 0.2]  2.0	[0.4, 0.4, 0.2]  2.0	[0.4, 0.4, 0.2]  2.0		[-6.0, 6.0]	[-3.0, 2.0]	[-6.0, 6.0]
For run 1 fold 5:	[0.2, 0.8, 0.0]  3.0	[0.2, 0.8, 0.0]  3.0	[0.2, 0.8, 0.0]  3.0		[-3.0, 2.0]	[-3.0, 2.0]	[-3.0, 2.0]
For run 2 fold 1:	[0.3, 0.7, 0.0]  1.0	[0.3, 0.7, 0.0]  1.0	[0.3, 0.7, 0.0]  1.0		[-2.0, 1.0]	[-2.0, 1.0]	[-2.0, 1.0]
For run 2 fold 2:	[0.3, 0.7, 0.0]  2.0	[0.3, 0.7, 0.0]  2.0	[0.3, 0.7, 0.0]  2.0		[-5.0, 5.0]	[-5.0, 5.0]	[-5.0, 5.0]
For run 2 fold 3:	[0.0, 0.7, 0.3]  1.0	[0.0, 0.7, 0.3]  1.0	[0.0, 0.7, 0.3]  1.0		[-4.0, 3.0]	[-4.0, 3.0]	[-4.0, 3.0]
For run 2 fold 4:	[0.3, 0.6, 0.1]  3.0	[0.3, 0.6, 0.1]  3.0	[0.3, 0.6, 0.1]  3.0		[-3.0, 1.0]	[-3.0, 1.0]	[-3.0, 1.0]
For run 2 fold 5:	[0.3, 0.7, 0.0]  3.0	[0.3, 0.7, 0.0]  3.0	[0.3, 0.7, 0.0]  3.0		[-2.0, 0.0]	[-2.0, 0.0]	[-2.0, 0.0]
For run 3 fold 1:	[0.3, 0.7, 0.0]  3.0	[0.3, 0.7, 0.0]  3.0	[0.3, 0.7, 0.0]  3.0		[-4.0, 3.0]	[-3.0, 4.0]	[-3.0, 4.0]
For run 3 fold 2:	[0.0, 0.8, 0.2]  3.0	[0.4, 0.4, 0.2]  2.0	[0.0, 0.8, 0.2]  3.0		[-3.0, 2.0]	[-4.0, 4.0]	[-3.0, 2.0]
For run 3 fold 3:	[0.2, 0.8, 0.0]  2.0	[0.2, 0.8, 0.0]  2.0	[0.2, 0.8, 0.0]  2.0		[-4.0, 3.0]	[-4.0, 3.0]	[-4.0, 3.0]
For run 3 fold 4:	[0.3, 0.6, 0.1]  2.0	[0.2, 0.8, 0.0]  3.0	[0.4, 0.4, 0.2]  2.0		[-3.0, 3.0]	[-3.0, 3.0]	[-3.0, 3.0]
For run 3 fold 5:	[0.3, 0.6, 0.1]  3.0	[0.3, 0.6, 0.1]  3.0	[0.3, 0.6, 0.1]  3.0		[-6.0, 6.0]	[-6.0, 6.0]	[-3.0, 1.0]


Final results:
Dataset: teaching_assistant_LH.csv
Dataset with 101 instances and 3 predictive features
		Base		Regular		Wagging		Adaboost	Mixed (opt)	Grad-Mixed (opt)
Accuracy	0.588, 0.059	0.598, 0.080	0.591, 0.088	0.635, 0.098	0.598, 0.085	0.588, 0.072
F1		0.531, 0.076	0.542, 0.107	0.534, 0.129	0.620, 0.113	0.526, 0.088	0.582, 0.088
AUC		0.599, 0.056	0.609, 0.076	0.602, 0.080	0.639, 0.095	0.582, 0.094	0.618, 0.064

Time taken: 127.025 s

Siginificance tests:
For Accuracy:
	Base	Reg_bag	Wagging	Boost	Mix_bag	Grad_mix
Base		0.596	0.498	0.020	0.465	0.785
Reg_bag			0.720	0.129	0.686	0.609
Wagging				0.049	0.919	0.623
Adaboost				0.040	0.040
Mix_bag						0.495
For F1:
	Base	Reg_bag	Wagging	Boost	Mix_bag	Grad_mix
Base		1.000	0.735	0.001	1.000	0.018
Reg_bag			1.000	0.019	0.779	0.051
Wagging				0.005	0.594	0.069
Adaboost				0.001	0.001
Mix_bag						0.011
For AUC:
	Base	Reg_bag	Wagging	Boost	Mix_bag	Grad_mix
Base		0.443	0.498	0.102	0.581	0.068
Reg_bag			0.859	0.379	0.244	0.574
Wagging				0.167	0.260	0.397
Adaboost				0.102	0.102
Mix_bag						0.068