
For run 1 fold 1:	[0.3, 0.6, 0.1]  1.0	[0.3, 0.6, 0.1]  1.0	[0.3, 0.6, 0.1]  1.0		[-6.0, 6.0]	[-6.0, 6.0]	[-6.0, 6.0]
For run 1 fold 2:	[0.0, 0.8, 0.2]  2.0	[0.0, 0.8, 0.2]  2.0	[0.0, 0.8, 0.2]  2.0		[-1.0, 3.0]	[-1.0, 3.0]	[-1.0, 3.0]
For run 1 fold 3:	[0.1, 0.6, 0.3]  3.0	[0.2, 0.4, 0.4]  1.0	[0.1, 0.6, 0.3]  3.0		[-2.0, 1.0]	[-2.0, 1.0]	[-2.0, 1.0]
For run 1 fold 4:	[0.0, 0.7, 0.3]  2.0	[0.0, 0.7, 0.3]  2.0	[0.0, 0.7, 0.3]  2.0		[-5.0, 5.0]	[-5.0, 5.0]	[-5.0, 5.0]
For run 1 fold 5:	[0.2, 0.4, 0.4]  2.0	[0.2, 0.4, 0.4]  2.0	[0.2, 0.4, 0.4]  2.0		[-2.0, 2.0]	[-2.0, 2.0]	[-2.0, 2.0]
For run 2 fold 1:	[0.2, 0.4, 0.4]  1.0	[0.2, 0.4, 0.4]  1.0	[0.2, 0.4, 0.4]  1.0		[-1.0, 3.0]	[-1.0, 3.0]	[-1.0, 3.0]
For run 2 fold 2:	[0.0, 0.8, 0.2]  3.0	[0.0, 0.8, 0.2]  3.0	[0.0, 0.8, 0.2]  3.0		[-5.0, 5.0]	[-3.0, 4.0]	[-5.0, 5.0]
For run 2 fold 3:	[0.1, 0.8, 0.1]  1.0	[0.1, 0.8, 0.1]  1.0	[0.1, 0.8, 0.1]  1.0		[-3.0, 1.0]	[-5.0, 5.0]	[-3.0, 1.0]
For run 2 fold 4:	[0.0, 0.8, 0.2]  3.0	[0.0, 0.8, 0.2]  3.0	[0.0, 0.8, 0.2]  3.0		[-2.0, 1.0]	[-2.0, 1.0]	[-2.0, 1.0]
For run 2 fold 5:	[0.1, 0.8, 0.1]  3.0	[0.1, 0.8, 0.1]  3.0	[0.1, 0.8, 0.1]  3.0		[-5.0, 5.0]	[-5.0, 5.0]	[-5.0, 5.0]
For run 3 fold 1:	[0.3, 0.7, 0.0]  2.0	[0.3, 0.7, 0.0]  2.0	[0.3, 0.7, 0.0]  2.0		[-3.0, 3.0]	[-3.0, 3.0]	[-3.0, 3.0]
For run 3 fold 2:	[0.1, 0.8, 0.1]  1.0	[0.1, 0.8, 0.1]  1.0	[0.2, 0.6, 0.2]  2.0		[0.0, 2.0]	[0.0, 2.0]	[0.0, 2.0]
For run 3 fold 3:	[0.1, 0.8, 0.1]  3.0	[0.1, 0.8, 0.1]  3.0	[0.1, 0.8, 0.1]  3.0		[-1.0, 3.0]	[-1.0, 3.0]	[-1.0, 3.0]
For run 3 fold 4:	[0.2, 0.4, 0.4]  1.0	[0.2, 0.4, 0.4]  1.0	[0.2, 0.4, 0.4]  1.0		[-2.0, 3.0]	[-2.0, 3.0]	[-2.0, 3.0]
For run 3 fold 5:	[0.1, 0.8, 0.1]  2.0	[0.1, 0.8, 0.1]  2.0	[0.1, 0.8, 0.1]  2.0		[-5.0, 5.0]	[-5.0, 5.0]	[-5.0, 5.0]


Final results:
Dataset: teaching_assistant_LM.csv
Dataset with 99 instances and 3 predictive features
		Base		Regular		Wagging		Adaboost	Mixed (opt)	Grad-Mixed (opt)
Accuracy	0.576, 0.055	0.559, 0.087	0.542, 0.063	0.616, 0.068	0.522, 0.087	0.526, 0.077
F1		0.474, 0.094	0.505, 0.122	0.464, 0.110	0.604, 0.077	0.480, 0.126	0.490, 0.122
AUC		0.573, 0.051	0.560, 0.086	0.543, 0.060	0.616, 0.068	0.504, 0.100	0.537, 0.107

Time taken: 2352.939 s

Siginificance tests:
For Accuracy:
	Base	Reg_bag	Wagging	Boost	Mix_bag	Grad_mix
Base		0.372	0.027	0.130	0.024	0.007
Reg_bag			0.812	0.083	0.171	0.128
Wagging				0.016	0.407	0.331
Adaboost				0.002	0.002
Mix_bag						0.752
For F1:
	Base	Reg_bag	Wagging	Boost	Mix_bag	Grad_mix
Base		0.203	1.000	0.001	0.753	0.701
Reg_bag			0.285	0.013	0.790	0.929
Wagging				0.001	0.530	0.445
Adaboost				0.005	0.005
Mix_bag						0.917
For AUC:
	Base	Reg_bag	Wagging	Boost	Mix_bag	Grad_mix
Base		0.593	0.018	0.034	0.013	0.220
Reg_bag			0.553	0.050	0.083	0.823
Wagging				0.007	0.182	0.844
Adaboost				0.008	0.008
Mix_bag						0.385