
For run 1 fold 1:	[0.1, 0.8, 0.1]  2.0	[0.1, 0.8, 0.1]  2.0	[0.3, 0.6, 0.1]  1.0		[-5.0, 5.0]	[-5.0, 5.0]	[-5.0, 5.0]
For run 1 fold 2:	[0.0, 0.7, 0.3]  2.0	[0.0, 0.7, 0.3]  2.0	[0.0, 0.7, 0.3]  2.0		[0.0, 2.0]	[0.0, 2.0]	[0.0, 2.0]
For run 1 fold 3:	[0.3, 0.6, 0.1]  1.0	[0.3, 0.6, 0.1]  1.0	[0.3, 0.6, 0.1]  1.0		[0.0, 2.0]	[0.0, 2.0]	[0.0, 2.0]
For run 1 fold 4:	[0.2, 0.7, 0.1]  1.0	[0.2, 0.7, 0.1]  1.0	[0.2, 0.6, 0.2]  2.0		[-4.0, 2.0]	[-4.0, 4.0]	[-4.0, 4.0]
For run 1 fold 5:	[0.0, 1.0, 0.0]  1.0	[0.0, 1.0, 0.0]  1.0	[0.0, 1.0, 0.0]  1.0		[-6.0, 6.0]	[-6.0, 6.0]	[-2.0, 2.0]
For run 2 fold 1:	[0.1, 0.8, 0.1]  3.0	[0.1, 0.8, 0.1]  3.0	[0.2, 0.4, 0.4]  2.0		[-3.0, 2.0]	[-3.0, 2.0]	[-3.0, 2.0]
For run 2 fold 2:	[0.1, 0.8, 0.1]  2.0	[0.1, 0.8, 0.1]  2.0	[0.2, 0.4, 0.4]  1.0		[-3.0, 4.0]	[-3.0, 4.0]	[-3.0, 4.0]
For run 2 fold 3:	[0.0, 0.7, 0.3]  3.0	[0.0, 0.7, 0.3]  3.0	[0.0, 0.7, 0.3]  3.0		[-2.0, 3.0]	[-2.0, 3.0]	[-2.0, 4.0]
For run 2 fold 4:	[0.3, 0.6, 0.1]  3.0	[0.3, 0.6, 0.1]  3.0	[0.3, 0.6, 0.1]  3.0		[-3.0, 2.0]	[-3.0, 2.0]	[-5.0, 5.0]
For run 2 fold 5:	[0.0, 0.7, 0.3]  1.0	[0.0, 0.7, 0.3]  1.0	[0.0, 0.7, 0.3]  1.0		[-1.0, 1.0]	[-1.0, 1.0]	[-1.0, 3.0]
For run 3 fold 1:	[0.2, 0.7, 0.1]  2.0	[0.2, 0.7, 0.1]  2.0	[0.2, 0.7, 0.1]  2.0		[-1.0, 1.0]	[-1.0, 1.0]	[-3.0, 4.0]
For run 3 fold 2:	[0.0, 1.0, 0.0]  3.0	[0.0, 1.0, 0.0]  3.0	[0.4, 0.4, 0.2]  3.0		[-4.0, 3.0]	[-4.0, 3.0]	[-4.0, 3.0]
For run 3 fold 3:	[0.2, 0.8, 0.0]  3.0	[0.2, 0.8, 0.0]  3.0	[0.2, 0.7, 0.1]  2.0		[0.0, 2.0]	[0.0, 2.0]	[0.0, 2.0]
For run 3 fold 4:	[0.4, 0.4, 0.2]  1.0	[0.4, 0.4, 0.2]  1.0	[0.4, 0.4, 0.2]  1.0		[-6.0, 6.0]	[-6.0, 6.0]	[-6.0, 6.0]
For run 3 fold 5:	[0.2, 0.6, 0.2]  2.0	[0.1, 0.6, 0.3]  1.0	[0.1, 0.6, 0.3]  1.0		[-2.0, 3.0]	[-2.0, 3.0]	[-2.0, 3.0]


Final results:
Dataset: tic-tac-toe.csv
Dataset with 958 instances and 9 predictive features
		Base		Regular		Wagging		Adaboost	Mixed (opt)	Grad-Mixed (opt)
Accuracy	0.699, 0.023	0.699, 0.023	0.699, 0.023	0.735, 0.021	0.699, 0.023	0.699, 0.023
F1		0.700, 0.022	0.700, 0.022	0.700, 0.022	0.721, 0.021	0.700, 0.022	0.700, 0.022
AUC		0.671, 0.022	0.671, 0.022	0.671, 0.022	0.672, 0.022	0.671, 0.022	0.671, 0.022

Time taken: 214.965 s