
For run 1 fold 1:	[0.1, 0.8, 0.1]  3.0	[0.1, 0.8, 0.1]  3.0	[0.1, 0.8, 0.1]  3.0		[-4.0, 2.0]	[-4.0, 2.0]	[-4.0, 2.0]
For run 1 fold 2:	[0.2, 0.7, 0.1]  2.0	[0.2, 0.7, 0.1]  2.0	[0.2, 0.8, 0.0]  1.0		[-2.0, 1.0]	[-2.0, 1.0]	[-2.0, 1.0]
For run 1 fold 3:	[0.4, 0.4, 0.2]  3.0	[0.4, 0.4, 0.2]  3.0	[0.1, 0.7, 0.2]  3.0		[-3.0, 1.0]	[-2.0, 3.0]	[-4.0, 3.0]
For run 1 fold 4:	[0.1, 0.7, 0.2]  1.0	[0.1, 0.7, 0.2]  1.0	[0.0, 1.0, 0.0]  2.0		[-1.0, 3.0]	[-2.0, 4.0]	[-4.0, 3.0]
For run 1 fold 5:	[0.4, 0.4, 0.2]  1.0	[0.4, 0.4, 0.2]  1.0	[0.2, 0.7, 0.1]  1.0		[-5.0, 5.0]	[-5.0, 5.0]	[-5.0, 5.0]
For run 2 fold 1:	[0.2, 0.7, 0.1]  3.0	[0.2, 0.7, 0.1]  3.0	[0.2, 0.7, 0.1]  3.0		[-1.0, 2.0]	[-1.0, 2.0]	[-2.0, 1.0]
For run 2 fold 2:	[0.2, 0.7, 0.1]  3.0	[0.2, 0.7, 0.1]  3.0	[0.3, 0.7, 0.0]  3.0		[-2.0, 4.0]	[-2.0, 4.0]	[-2.0, 3.0]
For run 2 fold 3:	[0.2, 0.4, 0.4]  2.0	[0.2, 0.4, 0.4]  2.0	[0.2, 0.7, 0.1]  2.0		[-3.0, 2.0]	[-3.0, 2.0]	[-3.0, 2.0]
For run 2 fold 4:	[0.3, 0.6, 0.1]  1.0	[0.3, 0.6, 0.1]  1.0	[0.0, 0.7, 0.3]  1.0		[-1.0, 1.0]	[-1.0, 1.0]	[-1.0, 1.0]
For run 2 fold 5:	[0.1, 0.7, 0.2]  1.0	[0.1, 0.7, 0.2]  1.0	[0.1, 0.7, 0.2]  1.0		[-1.0, 1.0]	[-1.0, 1.0]	[-2.0, 1.0]
For run 3 fold 1:	[0.3, 0.6, 0.1]  1.0	[0.3, 0.6, 0.1]  1.0	[0.3, 0.6, 0.1]  1.0		[-4.0, 4.0]	[-4.0, 4.0]	[-4.0, 3.0]
For run 3 fold 2:	[0.2, 0.7, 0.1]  2.0	[0.2, 0.7, 0.1]  2.0	[0.2, 0.7, 0.1]  2.0		[-6.0, 6.0]	[-6.0, 6.0]	[-2.0, 1.0]
For run 3 fold 3:	[0.0, 0.7, 0.3]  3.0	[0.0, 0.7, 0.3]  3.0	[0.0, 0.7, 0.3]  3.0		[-4.0, 2.0]	[-4.0, 2.0]	[-4.0, 2.0]
For run 3 fold 4:	[0.2, 0.8, 0.0]  1.0	[0.2, 0.8, 0.0]  1.0	[0.2, 0.8, 0.0]  1.0		[-2.0, 0.0]	[-2.0, 0.0]	[-2.0, 0.0]
For run 3 fold 5:	[0.4, 0.4, 0.2]  1.0	[0.4, 0.4, 0.2]  1.0	[0.4, 0.4, 0.2]  1.0		[-2.0, 1.0]	[-2.0, 1.0]	[-2.0, 1.0]


Final results:
Dataset: vertebral_column.csv
Dataset with 310 instances and 6 predictive features
		Base		Regular		Wagging		Adaboost	Mixed (opt)	Grad-Mixed (opt)
Accuracy	0.770, 0.043	0.775, 0.037	0.773, 0.045	0.820, 0.040	0.776, 0.039	0.776, 0.039
F1		0.776, 0.043	0.782, 0.037	0.779, 0.045	0.822, 0.039	0.779, 0.041	0.786, 0.033
AUC		0.814, 0.030	0.815, 0.033	0.812, 0.040	0.805, 0.044	0.812, 0.039	0.817, 0.027

Time taken: 2468.463 s

Siginificance tests:
For Accuracy:
	Base	Reg_bag	Wagging	Boost	Mix_bag	Grad_mix
Base		0.306	0.119	0.002	0.030	0.041
Reg_bag			1.000	0.003	0.715	0.854
Wagging				0.006	0.429	0.442
Adaboost				0.005	0.005
Mix_bag						0.739
For F1:
	Base	Reg_bag	Wagging	Boost	Mix_bag	Grad_mix
Base		0.263	0.674	0.003	0.515	0.086
Reg_bag			0.767	0.003	0.484	0.401
Wagging				0.007	0.875	0.176
Adaboost				0.010	0.010
Mix_bag						0.182
For AUC:
	Base	Reg_bag	Wagging	Boost	Mix_bag	Grad_mix
Base		0.260	0.833	0.720	0.865	0.273
Reg_bag			0.284	0.489	0.232	0.672
Wagging				0.639	0.778	0.513
Adaboost				0.561	0.561
Mix_bag						0.575