
For run 1 fold 1:	[0.3, 0.6, 0.1]  2.0	[0.3, 0.6, 0.1]  2.0	[0.3, 0.6, 0.1]  2.0		[-5.0, 5.0]	[-5.0, 5.0]	[-5.0, 5.0]
For run 1 fold 2:	[0.3, 0.6, 0.1]  2.0	[0.2, 0.6, 0.2]  2.0	[0.2, 0.6, 0.2]  2.0		[-3.0, 2.0]	[-3.0, 4.0]	[-3.0, 2.0]
For run 1 fold 3:	[0.0, 0.7, 0.3]  3.0	[0.0, 0.7, 0.3]  3.0	[0.0, 0.7, 0.3]  3.0		[-3.0, 2.0]	[-3.0, 2.0]	[-3.0, 2.0]
For run 1 fold 4:	[0.2, 0.6, 0.2]  1.0	[0.0, 1.0, 0.0]  3.0	[0.1, 0.7, 0.2]  3.0		[-2.0, 3.0]	[-2.0, 3.0]	[-2.0, 3.0]
For run 1 fold 5:	[0.2, 0.4, 0.4]  2.0	[0.2, 0.4, 0.4]  2.0	[0.2, 0.4, 0.4]  2.0		[-6.0, 6.0]	[-6.0, 6.0]	[-1.0, 3.0]
For run 2 fold 1:	[0.3, 0.6, 0.1]  1.0	[0.1, 0.7, 0.2]  3.0	[0.1, 0.7, 0.2]  3.0		[-2.0, 4.0]	[-2.0, 4.0]	[-2.0, 4.0]
For run 2 fold 2:	[0.0, 0.7, 0.3]  2.0	[0.0, 0.7, 0.3]  2.0	[0.0, 0.7, 0.3]  2.0		[-2.0, 4.0]	[-2.0, 4.0]	[-2.0, 4.0]
For run 2 fold 3:	[0.2, 0.4, 0.4]  2.0	[0.2, 0.4, 0.4]  2.0	[0.2, 0.4, 0.4]  2.0		[-5.0, 5.0]	[-5.0, 5.0]	[-5.0, 5.0]
For run 2 fold 4:	[0.3, 0.6, 0.1]  1.0	[0.3, 0.6, 0.1]  1.0	[0.3, 0.6, 0.1]  1.0		[-3.0, 4.0]	[-1.0, 3.0]	[-1.0, 3.0]
For run 2 fold 5:	[0.2, 0.8, 0.0]  2.0	[0.2, 0.8, 0.0]  2.0	[0.2, 0.8, 0.0]  2.0		[-4.0, 3.0]	[-4.0, 3.0]	[-4.0, 3.0]
For run 3 fold 1:	[0.2, 0.4, 0.4]  1.0	[0.4, 0.4, 0.2]  2.0	[0.2, 0.4, 0.4]  1.0		[-6.0, 6.0]	[-6.0, 6.0]	[-6.0, 6.0]
For run 3 fold 2:	[0.2, 0.4, 0.4]  1.0	[0.2, 0.4, 0.4]  1.0	[0.2, 0.4, 0.4]  1.0		[-3.0, 3.0]	[-1.0, 1.0]	[-2.0, 3.0]
For run 3 fold 3:	[0.3, 0.7, 0.0]  2.0	[0.3, 0.7, 0.0]  2.0	[0.3, 0.7, 0.0]  2.0		[-5.0, 5.0]	[-5.0, 5.0]	[-5.0, 5.0]
For run 3 fold 4:	[0.0, 1.0, 0.0]  2.0	[0.0, 1.0, 0.0]  2.0	[0.0, 1.0, 0.0]  2.0		[-2.0, 1.0]	[-2.0, 1.0]	[-2.0, 1.0]
For run 3 fold 5:	[0.1, 0.7, 0.2]  1.0	[0.1, 0.7, 0.2]  1.0	[0.1, 0.7, 0.2]  3.0		[-6.0, 6.0]	[-5.0, 5.0]	[-5.0, 5.0]


Final results:
Dataset: wine_c1c2.csv
Dataset with 130 instances and 13 predictive features
		Base		Regular		Wagging		Adaboost	Mixed (opt)	Grad-Mixed (opt)
Accuracy	0.923, 0.037	0.913, 0.050	0.933, 0.048	0.969, 0.040	0.926, 0.041	0.931, 0.043
F1		0.923, 0.037	0.913, 0.050	0.933, 0.048	0.969, 0.041	0.923, 0.047	0.920, 0.043
AUC		0.926, 0.036	0.917, 0.046	0.937, 0.046	0.969, 0.041	0.927, 0.044	0.922, 0.033

Time taken: 559.500 s

Siginificance tests:
For Accuracy:
	Base	Reg_bag	Wagging	Boost	Mix_bag	Grad_mix
Base		0.234	0.102	0.020	0.783	0.206
Reg_bag			0.085	0.015	0.248	0.125
Wagging				0.059	0.408	1.000
Adaboost				0.015	0.015
Mix_bag						0.257
For F1:
	Base	Reg_bag	Wagging	Boost	Mix_bag	Grad_mix
Base		0.345	0.089	0.018	0.893	0.672
Reg_bag			0.092	0.023	0.345	0.752
Wagging				0.109	0.141	0.068
Adaboost				0.020	0.020
Mix_bag						0.581
For AUC:
	Base	Reg_bag	Wagging	Boost	Mix_bag	Grad_mix
Base		0.345	0.041	0.018	0.752	0.715
Reg_bag			0.092	0.021	0.397	0.553
Wagging				0.109	0.068	0.105
Adaboost				0.028	0.028
Mix_bag						0.496