
For run 1 fold 1:	[0.4, 0.4, 0.2]  2.0	[0.4, 0.4, 0.2]  2.0	[0.4, 0.4, 0.2]  2.0		[-4.0, 2.0]	[-4.0, 2.0]	[-4.0, 2.0]
For run 1 fold 2:	[0.0, 0.8, 0.2]  1.0	[0.1, 0.7, 0.2]  2.0	[0.2, 0.6, 0.2]  2.0		[-1.0, 2.0]	[-1.0, 2.0]	[-1.0, 2.0]
For run 1 fold 3:	[0.1, 0.6, 0.3]  3.0	[0.3, 0.6, 0.1]  1.0	[0.3, 0.6, 0.1]  1.0		[-2.0, 1.0]	[-2.0, 1.0]	[-2.0, 1.0]
For run 1 fold 4:	[0.2, 0.4, 0.4]  2.0	[0.1, 0.6, 0.3]  3.0	[0.1, 0.6, 0.3]  3.0		[-6.0, 6.0]	[-2.0, 1.0]	[-6.0, 6.0]
For run 1 fold 5:	[0.1, 0.7, 0.2]  1.0	[0.2, 0.4, 0.4]  3.0	[0.1, 0.7, 0.2]  1.0		[-3.0, 4.0]	[-3.0, 4.0]	[-3.0, 4.0]
For run 2 fold 1:	[0.0, 1.0, 0.0]  2.0	[0.0, 0.7, 0.3]  2.0	[0.0, 1.0, 0.0]  2.0		[-5.0, 5.0]	[-5.0, 5.0]	[-5.0, 5.0]
For run 2 fold 2:	[0.0, 0.8, 0.2]  1.0	[0.0, 0.8, 0.2]  1.0	[0.0, 0.8, 0.2]  1.0		[0.0, 2.0]	[0.0, 2.0]	[0.0, 2.0]
For run 2 fold 3:	[0.1, 0.8, 0.1]  1.0	[0.1, 0.8, 0.1]  1.0	[0.1, 0.8, 0.1]  1.0		[-1.0, 1.0]	[-1.0, 1.0]	[-1.0, 1.0]
For run 2 fold 4:	[0.2, 0.4, 0.4]  3.0	[0.2, 0.4, 0.4]  3.0	[0.2, 0.4, 0.4]  3.0		[-4.0, 4.0]	[-4.0, 4.0]	[-4.0, 4.0]
For run 2 fold 5:	[0.0, 1.0, 0.0]  2.0	[0.0, 1.0, 0.0]  2.0	[0.0, 1.0, 0.0]  2.0		[-5.0, 5.0]	[-5.0, 5.0]	[-5.0, 5.0]
For run 3 fold 1:	[0.0, 0.8, 0.2]  1.0	[0.0, 0.8, 0.2]  1.0	[0.0, 0.8, 0.2]  1.0		[-4.0, 4.0]	[-4.0, 4.0]	[-4.0, 4.0]
For run 3 fold 2:	[0.4, 0.4, 0.2]  3.0	[0.4, 0.4, 0.2]  3.0	[0.4, 0.4, 0.2]  3.0		[-3.0, 3.0]	[-3.0, 3.0]	[-3.0, 3.0]
For run 3 fold 3:	[0.0, 1.0, 0.0]  2.0	[0.0, 1.0, 0.0]  2.0	[0.1, 0.8, 0.1]  2.0		[-5.0, 5.0]	[-5.0, 5.0]	[-5.0, 5.0]
For run 3 fold 4:	[0.3, 0.7, 0.0]  3.0	[0.3, 0.7, 0.0]  3.0	[0.3, 0.7, 0.0]  3.0		[-1.0, 3.0]	[-1.0, 3.0]	[-1.0, 3.0]
For run 3 fold 5:	[0.1, 0.6, 0.3]  1.0	[0.1, 0.6, 0.3]  1.0	[0.1, 0.6, 0.3]  1.0		[-3.0, 3.0]	[-3.0, 3.0]	[-1.0, 1.0]


Final results:
Dataset: wine_c2c3.csv
Dataset with 119 instances and 13 predictive features
		Base		Regular		Wagging		Adaboost	Mixed (opt)	Grad-Mixed (opt)
Accuracy	0.849, 0.037	0.910, 0.065	0.924, 0.071	0.930, 0.059	0.913, 0.072	0.896, 0.073
F1		0.848, 0.038	0.910, 0.066	0.923, 0.072	0.929, 0.060	0.904, 0.072	0.899, 0.043
AUC		0.849, 0.043	0.909, 0.071	0.919, 0.074	0.925, 0.066	0.901, 0.057	0.915, 0.066

Time taken: 184.076 s

Siginificance tests:
For Accuracy:
	Base	Reg_bag	Wagging	Boost	Mix_bag	Grad_mix
Base		0.005	0.002	0.001	0.003	0.020
Reg_bag			0.440	0.281	0.833	0.474
Wagging				0.866	0.066	0.065
Adaboost				0.233	0.233
Mix_bag						0.325
For F1:
	Base	Reg_bag	Wagging	Boost	Mix_bag	Grad_mix
Base		0.005	0.001	0.001	0.003	0.003
Reg_bag			0.477	0.147	0.790	0.477
Wagging				0.678	0.203	0.133
Adaboost				0.069	0.069
Mix_bag						0.722
For AUC:
	Base	Reg_bag	Wagging	Boost	Mix_bag	Grad_mix
Base		0.005	0.001	0.001	0.002	0.002
Reg_bag			0.563	0.271	0.489	0.721
Wagging				0.677	0.283	0.594
Adaboost				0.209	0.209
Mix_bag						0.475